% f evaluations | g evaluations | best noise-free fitness - Fopt (2.997000000000e+01) + sum g_i+ | measured fitness | best measured fitness or single-digit g-values | x1 | x2...
1 0 +1.542072769e+03 +1.572042769e+03 +1.572042769e+03 +3.4453e-01 -2.0246e+00 +1.4999e+00 -1.7911e-02 -2.1011e+00
2 0 +9.942446473e+02 +1.024214647e+03 +1.024214647e+03 +2.7890e+00 +1.9907e+00 -1.3980e+00 +1.5302e+00 +1.0437e+00
3 0 +8.293513576e+02 +8.593213576e+02 +8.593213576e+02 +1.2587e+00 +9.0828e-01 -4.6491e-01 -6.2350e-01 -1.0604e+00
6 0 +7.095136793e+02 +7.394836793e+02 +7.394836793e+02 +1.6208e+00 +2.5763e+00 -2.1673e-01 -9.2851e-01 +1.7791e+00
10 0 +3.536106362e+02 +3.835806362e+02 +3.835806362e+02 +1.6315e+00 -2.3260e+00 -3.0209e+00 -1.0923e+00 +1.3320e+00
28 0 +2.246303808e+02 +2.546003808e+02 +2.546003808e+02 +1.1089e+00 -1.2633e+00 -2.6892e+00 -2.4182e+00 +1.3548e+00
67 0 +9.571539746e+01 +1.256853975e+02 +1.256853975e+02 +1.6551e+00 -2.8457e+00 -4.0448e+00 -1.7072e+00 +3.2115e+00
188 0 +8.012688408e+01 +1.100968841e+02 +1.100968841e+02 +9.2449e-01 -1.2075e+00 -3.3814e+00 -1.6441e+00 +3.2718e+00
200 0 +8.012688408e+01 +1.100968841e+02 +1.100968841e+02 +9.2449e-01 -1.2075e+00 -3.3814e+00 -1.6441e+00 +3.2718e+00
