% f evaluations | g evaluations | best noise-free fitness - Fopt (-5.494000000000e+01) + sum g_i+ | measured fitness | best measured fitness or single-digit g-values | x1 | x2...
1 0 +2.456792784e+06 +2.456737844e+06 +2.456737844e+06 -4.4572e-01 +3.0508e-01 -2.0124e+00 +3.2417e-01 -1.4022e+00
4 0 +4.791386491e+05 +4.790837091e+05 +4.790837091e+05 -2.6357e+00 -1.7054e-01 -1.3876e+00 -1.9759e-01 -1.0386e+00
21 0 +2.870547571e+05 +2.869998171e+05 +2.869998171e+05 -3.9977e+00 -1.6327e+00 -3.8658e+00 +1.8969e+00 -4.2016e+00
25 0 +2.022651338e+05 +2.022101938e+05 +2.022101938e+05 -3.1390e+00 +1.6988e+00 -3.1300e+00 +2.9735e+00 -4.9918e+00
58 0 +9.077002431e+04 +9.071508431e+04 +9.071508431e+04 -1.8216e+00 +3.1957e+00 -2.7186e+00 +2.7035e+00 -1.9119e+00
109 0 +5.335616977e+04 +5.330122977e+04 +5.330122977e+04 -2.1608e+00 +4.4175e+00 -1.0816e+00 +2.3617e+00 -2.3438e+00
177 0 +3.509038320e+04 +3.503544320e+04 +3.503544320e+04 -3.2384e+00 -8.6803e-01 -4.8841e+00 +3.4632e+00 -3.8130e+00
181 0 +8.429792504e+03 +8.374852504e+03 +8.374852504e+03 -3.5665e+00 -2.2327e-01 -2.2450e+00 +4.5999e+00 -2.0474e+00
200 0 +8.429792504e+03 +8.374852504e+03 +8.374852504e+03 -3.5665e+00 -2.2327e-01 -2.2450e+00 +4.5999e+00 -2.0474e+00
