% f evaluations | g evaluations | best noise-free fitness - Fopt (-5.848000000000e+01) + sum g_i+ | measured fitness | best measured fitness or single-digit g-values | x1 | x2...
1 0 +2.658068451e+01 -3.189931549e+01 -3.189931549e+01 +6.7495e-01 -2.4597e+00 -5.4072e-01 -3.5874e+00 -8.7955e-02
2 0 +1.179485016e+01 -4.668514984e+01 -4.668514984e+01 -4.4488e-01 +1.2781e+00 +2.6811e+00 -4.0771e-01 -6.7812e-01
4 0 +1.023816481e+01 -4.824183519e+01 -4.824183519e+01 -1.6366e+00 +9.6588e-02 -4.5401e-01 -9.8510e-01 -2.0969e+00
7 0 +9.635498899e+00 -4.884450110e+01 -4.884450110e+01 +4.0461e-01 -5.5625e-01 -2.1604e+00 +1.1701e+00 -3.4573e-01
9 0 +6.729087630e+00 -5.175091237e+01 -5.175091237e+01 -1.8330e+00 +4.5837e-01 -1.2374e-01 +1.3566e-02 +2.2562e-01
19 0 +4.448243923e+00 -5.403175608e+01 -5.403175608e+01 +1.9702e-01 +1.7805e+00 -8.2844e-01 -6.1759e-01 -1.0305e+00
56 0 +2.608905465e+00 -5.587109453e+01 -5.587109453e+01 +1.3179e+00 -1.6892e+00 -2.6979e-01 -2.1031e-01 +7.3893e-01
157 0 +1.756286947e+00 -5.672371305e+01 -5.672371305e+01 -7.7884e-02 +2.1947e+00 -1.4531e+00 +2.9060e-01 -2.9909e-01
200 0 +1.756286947e+00 -5.672371305e+01 -5.672371305e+01 -7.7884e-02 +2.1947e+00 -1.4531e+00 +2.9060e-01 -2.9909e-01
