% f evaluations | g evaluations | best noise-free fitness - Fopt (-2.525000000000e+01) + sum g_i+ | measured fitness | best measured fitness or single-digit g-values | x1 | x2...
1 0 +3.969580882e+01 +1.444580882e+01 +1.444580882e+01 +1.3837e+00 -4.1570e-01 +2.2742e+00 -2.7549e-01 -7.5686e-01
6 0 +2.738839586e+01 +2.138395859e+00 +2.138395859e+00 +1.2948e+00 +3.8901e+00 -2.6313e+00 -1.4095e+00 +2.3127e-01
8 0 +1.772331066e+01 -7.526689345e+00 -7.526689345e+00 +3.7189e-01 +8.4403e-01 +5.2760e-01 -1.1548e+00 +4.8364e+00
18 0 +9.506838355e+00 -1.574316164e+01 -1.574316164e+01 +2.0808e+00 -1.0024e+00 -2.0392e+00 -1.9481e-01 +2.7889e+00
26 0 +4.023956153e+00 -2.122604385e+01 -2.122604385e+01 +4.7341e+00 +3.8167e-03 -2.9356e+00 -2.3659e+00 +3.4810e+00
66 0 +3.234541828e+00 -2.201545817e+01 -2.201545817e+01 +2.9914e+00 +9.4816e-01 -1.8530e-01 -2.9172e+00 +4.0941e+00
80 0 +2.193448131e+00 -2.305655187e+01 -2.305655187e+01 +4.7330e+00 +3.6026e-01 -1.6159e+00 -1.4358e+00 +3.8577e+00
108 0 +1.570765884e+00 -2.367923412e+01 -2.367923412e+01 +3.9420e+00 +1.2094e+00 -1.1261e+00 -3.0135e+00 +3.8497e+00
126 0 +1.308594632e+00 -2.394140537e+01 -2.394140537e+01 +3.5911e+00 +5.5947e-01 -1.9372e+00 -1.3173e+00 +3.8786e+00
129 0 +2.178777811e-01 -2.503212222e+01 -2.503212222e+01 +3.8837e+00 +7.6091e-01 -1.4397e+00 -1.7946e+00 +3.3266e+00
186 0 +9.615513825e-02 -2.515384486e+01 -2.515384486e+01 +3.4185e+00 +7.4579e-01 -1.5041e+00 -2.2024e+00 +3.1063e+00
215 0 +4.954431657e-02 -2.520045568e+01 -2.520045568e+01 +3.4081e+00 +6.9066e-01 -1.3747e+00 -2.1123e+00 +3.3052e+00
224 0 +3.307980181e-02 -2.521692020e+01 -2.521692020e+01 +3.4935e+00 +6.0487e-01 -1.3827e+00 -2.2651e+00 +3.3553e+00
228 0 +9.832606372e-03 -2.524016739e+01 -2.524016739e+01 +3.5315e+00 +6.1315e-01 -1.3802e+00 -2.1259e+00 +3.2909e+00
260 0 +4.518831206e-03 -2.524548117e+01 -2.524548117e+01 +3.5952e+00 +6.3123e-01 -1.3610e+00 -2.1329e+00 +3.2882e+00
288 0 +3.839846798e-03 -2.524616015e+01 -2.524616015e+01 +3.6548e+00 +6.0362e-01 -1.4214e+00 -2.1560e+00 +3.3315e+00
305 0 +2.624040565e-03 -2.524737596e+01 -2.524737596e+01 +3.5846e+00 +6.4253e-01 -1.4012e+00 -2.1645e+00 +3.3304e+00
317 0 +8.749549118e-04 -2.524912505e+01 -2.524912505e+01 +3.5948e+00 +6.4593e-01 -1.4201e+00 -2.1386e+00 +3.2837e+00
335 0 +5.415983247e-04 -2.524945840e+01 -2.524945840e+01 +3.6241e+00 +6.2080e-01 -1.4314e+00 -2.1427e+00 +3.3032e+00
354 0 +4.047623106e-04 -2.524959524e+01 -2.524959524e+01 +3.6159e+00 +6.2590e-01 -1.4383e+00 -2.1542e+00 +3.2910e+00
362 0 +1.923449968e-04 -2.524980766e+01 -2.524980766e+01 +3.6058e+00 +6.4526e-01 -1.4224e+00 -2.1565e+00 +3.2987e+00
372 0 +1.499292004e-04 -2.524985007e+01 -2.524985007e+01 +3.6118e+00 +6.4018e-01 -1.4307e+00 -2.1548e+00 +3.3025e+00
392 0 +9.372407261e-05 -2.524990628e+01 -2.524990628e+01 +3.6116e+00 +6.2846e-01 -1.4278e+00 -2.1537e+00 +3.2980e+00
404 0 +8.891048995e-05 -2.524991109e+01 -2.524991109e+01 +3.6107e+00 +6.2915e-01 -1.4243e+00 -2.1575e+00 +3.2938e+00
410 0 +6.614155473e-05 -2.524993386e+01 -2.524993386e+01 +3.6170e+00 +6.3088e-01 -1.4269e+00 -2.1492e+00 +3.2967e+00
420 0 +4.297119609e-05 -2.524995703e+01 -2.524995703e+01 +3.6171e+00 +6.3687e-01 -1.4181e+00 -2.1563e+00 +3.2997e+00
429 0 +2.183184164e-05 -2.524997817e+01 -2.524997817e+01 +3.6145e+00 +6.3261e-01 -1.4242e+00 -2.1508e+00 +3.2990e+00
453 0 +1.804747561e-05 -2.524998195e+01 -2.524998195e+01 +3.6123e+00 +6.3666e-01 -1.4229e+00 -2.1533e+00 +3.2937e+00
455 0 +7.430160611e-06 -2.524999257e+01 -2.524999257e+01 +3.6133e+00 +6.3429e-01 -1.4206e+00 -2.1544e+00 +3.2982e+00
480 0 +4.888753384e-06 -2.524999511e+01 -2.524999511e+01 +3.6149e+00 +6.3588e-01 -1.4233e+00 -2.1531e+00 +3.2979e+00
489 0 +2.412339143e-06 -2.524999759e+01 -2.524999759e+01 +3.6148e+00 +6.3518e-01 -1.4224e+00 -2.1539e+00 +3.2962e+00
555 0 +1.044723248e-06 -2.524999896e+01 -2.524999896e+01 +3.6146e+00 +6.3534e-01 -1.4210e+00 -2.1534e+00 +3.2972e+00
570 0 +5.851310156e-07 -2.524999941e+01 -2.524999941e+01 +3.6140e+00 +6.3500e-01 -1.4221e+00 -2.1529e+00 +3.2964e+00
574 0 +3.770545582e-07 -2.524999962e+01 -2.524999962e+01 +3.6143e+00 +6.3475e-01 -1.4214e+00 -2.1527e+00 +3.2971e+00
610 0 +2.483487442e-07 -2.524999975e+01 -2.524999975e+01 +3.6142e+00 +6.3488e-01 -1.4219e+00 -2.1529e+00 +3.2969e+00
611 0 +1.471614759e-07 -2.524999985e+01 -2.524999985e+01 +3.6145e+00 +6.3539e-01 -1.4218e+00 -2.1530e+00 +3.2969e+00
635 0 +1.267482332e-07 -2.524999987e+01 -2.524999987e+01 +3.6145e+00 +6.3519e-01 -1.4216e+00 -2.1531e+00 +3.2970e+00
636 0 +1.171122896e-07 -2.524999988e+01 -2.524999988e+01 +3.6144e+00 +6.3528e-01 -1.4217e+00 -2.1531e+00 +3.2968e+00
641 0 +9.437133031e-08 -2.524999991e+01 -2.524999991e+01 +3.6143e+00 +6.3507e-01 -1.4215e+00 -2.1530e+00 +3.2967e+00
649 0 +4.659064246e-08 -2.524999995e+01 -2.524999995e+01 +3.6143e+00 +6.3522e-01 -1.4216e+00 -2.1530e+00 +3.2968e+00
659 0 +4.106717810e-08 -2.524999996e+01 -2.524999996e+01 +3.6144e+00 +6.3530e-01 -1.4217e+00 -2.1529e+00 +3.2969e+00
664 0 +2.576218705e-08 -2.524999997e+01 -2.524999997e+01 +3.6144e+00 +6.3517e-01 -1.4217e+00 -2.1529e+00 +3.2969e+00
668 0 +1.526915128e-08 -2.524999998e+01 -2.524999998e+01 +3.6144e+00 +6.3519e-01 -1.4216e+00 -2.1529e+00 +3.2969e+00
673 0 +1.312487186e-08 -2.524999999e+01 -2.524999999e+01 +3.6143e+00 +6.3519e-01 -1.4216e+00 -2.1529e+00 +3.2969e+00
683 0 +1.181738085e-08 -2.524999999e+01 -2.524999999e+01 +3.6143e+00 +6.3529e-01 -1.4216e+00 -2.1528e+00 +3.2968e+00
691 0 +1.066128164e-08 -2.524999999e+01 -2.524999999e+01 +3.6144e+00 +6.3527e-01 -1.4217e+00 -2.1528e+00 +3.2968e+00
700 0 +5.764306366e-09 -2.524999999e+01 -2.524999999e+01 +3.6144e+00 +6.3526e-01 -1.4216e+00 -2.1528e+00 +3.2968e+00
1000 0 +2.010835942e-12 -2.525000000e+01 -2.525000000e+01 +3.6144e+00 +6.3520e-01 -1.4216e+00 -2.1528e+00 +3.2968e+00
