% f evaluations | g evaluations | best noise-free fitness - Fopt (-1.335900000000e+02) + sum g_i+ | measured fitness | best measured fitness or single-digit g-values | x1 | x2...
1 0 +1.595935927e+02 +2.600359268e+01 +2.600359268e+01 -4.7909e+00 -3.2307e-01 -1.4427e+00 -1.3071e+00 +3.5955e+00
2 0 +4.203305602e+01 -9.155694398e+01 -9.155694398e+01 -1.3697e+00 +1.8984e+00 -4.2334e-01 -1.0458e+00 -1.8195e-01
54 0 +3.346800709e+01 -1.001219929e+02 -1.001219929e+02 +3.5534e-01 +8.6830e-01 -1.3952e+00 -1.5006e+00 -1.5584e+00
87 0 +3.022967880e+01 -1.033603212e+02 -1.033603212e+02 -8.0398e-02 +1.8745e+00 -1.4907e+00 -1.7121e+00 -1.8090e+00
142 0 +2.543774534e+01 -1.081522547e+02 -1.081522547e+02 -2.7361e+00 +1.8536e+00 -2.7500e+00 -1.5220e+00 -2.0163e+00
178 0 +2.503615873e+01 -1.085538413e+02 -1.085538413e+02 -7.6151e-01 +2.2733e+00 -2.9740e+00 -1.7576e+00 -1.2689e+00
274 0 +1.814262526e+01 -1.154473747e+02 -1.154473747e+02 -1.4154e+00 +1.9077e+00 -2.6078e+00 -9.9361e-01 -1.2525e+00
390 0 +1.221035259e+01 -1.213796474e+02 -1.213796474e+02 -2.2315e+00 +2.9092e+00 -1.8417e+00 -1.0799e+00 -2.2133e+00
1000 0 +1.221035259e+01 -1.213796474e+02 -1.213796474e+02 -2.2315e+00 +2.9092e+00 -1.8417e+00 -1.0799e+00 -2.2133e+00
