% f evaluations | g evaluations | best noise-free fitness - Fopt (-5.235000000000e+01) + sum g_i+ | measured fitness | best measured fitness or single-digit g-values | x1 | x2...
1 0 +3.793540173e+01 -1.441459827e+01 -1.441459827e+01 -2.1368e+00 -6.9754e-01 -2.4088e-01 -6.3065e-01 +1.5160e+00
5 0 +2.565268246e+01 -2.669731754e+01 -2.669731754e+01 -8.7447e-01 -2.9827e+00 -6.5370e-01 -4.0925e-01 +7.0093e-01
13 0 +1.583711053e+01 -3.651288947e+01 -3.651288947e+01 +5.5955e-01 -3.8002e+00 +1.4596e+00 -5.4265e-01 +2.0143e+00
16 0 +1.114965170e+01 -4.120034830e+01 -4.120034830e+01 -2.1269e+00 -3.0011e+00 +8.0403e-01 -9.2933e-01 +1.5745e+00
27 0 +7.892319429e+00 -4.445768057e+01 -4.445768057e+01 -2.5637e+00 -4.0445e+00 +3.0986e+00 -1.6814e+00 -1.9194e+00
31 0 +6.108844159e+00 -4.624115584e+01 -4.624115584e+01 -7.8574e-01 -4.9338e+00 +2.7165e-01 -1.4187e+00 +5.9449e-02
36 0 +2.556325708e+00 -4.979367429e+01 -4.979367429e+01 -2.1603e+00 -2.9395e+00 +1.9248e+00 -2.7895e+00 -1.2236e+00
41 0 +2.321928981e+00 -5.002807102e+01 -5.002807102e+01 -6.0259e-02 +3.9931e-02 +2.6915e+00 -3.6232e+00 -1.5855e+00
50 0 +2.321928981e+00 -5.002807102e+01 -5.002807102e+01 -6.0259e-02 +3.9931e-02 +2.6915e+00 -3.6232e+00 -1.5855e+00
