% f evaluations | g evaluations | best noise-free fitness - Fopt (-9.210000000000e+00) + sum g_i+ | measured fitness | best measured fitness or single-digit g-values | x1 | x2...
1 0 +1.066325434e+02 +9.742254342e+01 +9.742254342e+01 -8.2635e-01 +1.6889e+00 +1.4916e+00 +3.7592e-01 +7.8205e-01
2 0 +9.724071344e+01 +8.803071344e+01 +8.803071344e+01 -2.3050e-01 -6.6522e-01 +2.0873e-02 +2.5761e-01 -1.0478e+00
4 0 +8.573066297e+01 +7.652066297e+01 +7.652066297e+01 -2.3636e-01 +2.9295e-01 +7.7449e-01 +2.6652e+00 -4.3677e-01
13 0 +7.467657399e+01 +6.546657399e+01 +6.546657399e+01 -1.5770e+00 +3.2173e+00 +1.0631e+00 +1.6226e+00 -1.6512e+00
15 0 +6.708930222e+01 +5.787930222e+01 +5.787930222e+01 -3.5410e-01 +8.1032e-01 -8.5005e-01 +3.1172e+00 -2.4802e+00
21 0 +3.787815902e+01 +2.866815902e+01 +2.866815902e+01 +9.6454e-02 +3.8189e+00 +1.0713e+00 +2.7376e+00 -4.4272e+00
34 0 +3.264568283e+01 +2.343568283e+01 +2.343568283e+01 -2.0090e+00 +4.9255e+00 +1.6027e+00 +3.2489e+00 -4.5086e+00
43 0 +2.107473389e+01 +1.186473389e+01 +1.186473389e+01 -4.3684e-01 +3.1675e+00 +3.5592e+00 +4.3017e+00 -4.6104e+00
50 0 +2.107473389e+01 +1.186473389e+01 +1.186473389e+01 -4.3684e-01 +3.1675e+00 +3.5592e+00 +4.3017e+00 -4.6104e+00
