% f evaluations | g evaluations | best noise-free fitness - Fopt (-4.915300000000e+02) + sum g_i+ | measured fitness | best measured fitness or single-digit g-values | x1 | x2...
1 0 +1.600135392e+07 +1.600086239e+07 +1.600086239e+07 -2.8587e+00 +1.8392e+00 +4.9740e-01 +3.0418e+00 +1.3617e+00
2 0 +1.537865157e+06 +1.537373627e+06 +1.537373627e+06 -2.0315e-01 +4.0813e-01 -3.4872e+00 +1.9389e+00 +8.5558e-01
6 0 +4.175669782e+05 +4.170754482e+05 +4.170754482e+05 -4.9943e-01 +4.7239e-01 -1.4611e+00 -2.2843e+00 +9.9145e-01
7 0 +8.792501613e+04 +8.743348613e+04 +8.743348613e+04 -1.1915e+00 +2.1178e+00 -2.0027e-01 -4.6886e+00 -2.9792e+00
31 0 +5.983232083e+04 +5.934079083e+04 +5.934079083e+04 +4.1380e-01 +3.3905e+00 +3.3790e-01 +5.9668e-02 -1.2406e+00
39 0 +4.744163192e+03 +4.252633192e+03 +4.252633192e+03 +3.9638e-01 +1.2680e+00 -2.9783e+00 +5.8446e-01 -1.5243e+00
191 0 +2.605656111e+03 +2.114126111e+03 +2.114126111e+03 +1.9112e+00 +4.4580e+00 +1.4507e+00 +3.0930e+00 +8.3644e-01
244 0 +1.805875272e+03 +1.314345272e+03 +1.314345272e+03 +1.5781e+00 +4.3198e+00 +2.0858e+00 +2.2935e+00 +2.9131e-01
248 0 +6.010007355e+02 +1.094707355e+02 +1.094707355e+02 +1.1923e+00 +3.6384e+00 +8.0018e-01 +1.4556e+00 -3.0886e-01
314 0 +4.323564513e+02 -5.917354869e+01 -5.917354869e+01 +1.9857e+00 +4.9984e+00 +2.0886e+00 +3.4748e+00 +5.4013e-01
323 0 +3.432981760e+02 -1.482318240e+02 -1.482318240e+02 +1.8616e+00 +4.6992e+00 +1.5749e+00 +3.2251e+00 +2.7362e-01
362 0 +1.894831918e+02 -3.020468082e+02 -3.020468082e+02 +1.6017e+00 +4.2647e+00 +1.2359e+00 +2.5988e+00 +5.3721e-02
380 0 +1.420055594e+02 -3.495244406e+02 -3.495244406e+02 +1.4250e+00 +3.9203e+00 +8.0503e-01 +2.2063e+00 -1.6884e-01
482 0 +1.389080805e+02 -3.526219195e+02 -3.526219195e+02 +1.1135e+00 +2.3634e+00 -3.1958e-01 +1.7447e+00 +2.0706e-01
510 0 +7.913279887e+01 -4.123972011e+02 -4.123972011e+02 +1.2167e+00 +2.4172e+00 -4.8138e-01 +2.0746e+00 +2.2943e-01
517 0 +6.286582649e+01 -4.286641735e+02 -4.286641735e+02 +1.2489e+00 +2.9954e+00 +5.4633e-03 +1.9902e+00 +3.5553e-03
539 0 +4.604495482e+01 -4.454850452e+02 -4.454850452e+02 +1.1836e+00 +2.4523e+00 -3.0857e-01 +1.9837e+00 +2.1272e-01
540 0 +3.793672682e+01 -4.535932732e+02 -4.535932732e+02 +1.1872e+00 +2.4688e+00 -3.7463e-01 +1.9671e+00 +1.9324e-01
568 0 +3.170695783e+01 -4.598230422e+02 -4.598230422e+02 +1.2063e+00 +2.2897e+00 -5.1155e-01 +2.0951e+00 +3.4067e-01
613 0 +3.112800268e+01 -4.604019973e+02 -4.604019973e+02 +1.2282e+00 +2.3212e+00 -5.0322e-01 +2.1477e+00 +3.5635e-01
626 0 +2.350106785e+01 -4.680289322e+02 -4.680289322e+02 +1.1542e+00 +2.1039e+00 -6.3542e-01 +1.9997e+00 +3.4834e-01
648 0 +2.065065575e+01 -4.708793443e+02 -4.708793443e+02 +1.1268e+00 +1.9664e+00 -7.6449e-01 +1.9695e+00 +3.5841e-01
687 0 +1.956946475e+01 -4.719605353e+02 -4.719605353e+02 +1.1471e+00 +1.8751e+00 -7.9876e-01 +2.0573e+00 +4.6280e-01
709 0 +1.772461247e+01 -4.738053875e+02 -4.738053875e+02 +1.0793e+00 +1.6291e+00 -9.7778e-01 +1.9391e+00 +4.7895e-01
725 0 +1.579787719e+01 -4.757321228e+02 -4.757321228e+02 +1.0279e+00 +1.6332e+00 -1.0213e+00 +1.7966e+00 +3.4815e-01
737 0 +1.188556698e+01 -4.796444330e+02 -4.796444330e+02 +9.3085e-01 +1.3643e+00 -1.2381e+00 +1.6056e+00 +3.0818e-01
745 0 +1.099337845e+01 -4.805366215e+02 -4.805366215e+02 +8.6476e-01 +1.1737e+00 -1.3860e+00 +1.4801e+00 +2.8811e-01
756 0 +9.972911827e+00 -4.815570882e+02 -4.815570882e+02 +8.2043e-01 +1.1986e+00 -1.4053e+00 +1.3465e+00 +1.6687e-01
775 0 +5.911672116e+00 -4.856183279e+02 -4.856183279e+02 +5.9658e-01 +5.5904e-01 -1.9381e+00 +9.1372e-01 +7.3658e-02
787 0 +3.586057544e+00 -4.879439425e+02 -4.879439425e+02 +4.1796e-01 -4.7892e-02 -2.4346e+00 +6.0041e-01 +5.0281e-02
820 0 +1.042215468e+00 -4.904877845e+02 -4.904877845e+02 +9.3276e-02 -6.9621e-01 -3.0719e+00 -1.0448e-01 -2.8190e-01
869 0 +8.443235580e-01 -4.906856764e+02 -4.906856764e+02 +2.2361e-01 -4.1071e-01 -2.7769e+00 +1.7054e-01 -1.5607e-01
892 0 +5.247561683e-01 -4.910052438e+02 -4.910052438e+02 +4.1876e-02 -8.0000e-01 -3.1488e+00 -2.1950e-01 -3.2384e-01
906 0 +4.914988093e-01 -4.910385012e+02 -4.910385012e+02 -2.0325e-02 -1.0048e+00 -3.3110e+00 -3.3044e-01 -3.3164e-01
913 0 +3.483670277e-01 -4.911816330e+02 -4.911816330e+02 -2.9259e-02 -1.0915e+00 -3.3860e+00 -3.2926e-01 -3.0421e-01
916 0 +2.210400546e-01 -4.913089599e+02 -4.913089599e+02 +1.5428e-01 -5.7117e-01 -2.9278e+00 +2.4955e-02 -2.1351e-01
924 0 +1.714351276e-01 -4.913585649e+02 -4.913585649e+02 +1.7113e-02 -9.1526e-01 -3.2424e+00 -2.5446e-01 -3.0958e-01
933 0 +7.393902222e-02 -4.914560610e+02 -4.914560610e+02 +5.7972e-02 -8.5312e-01 -3.1695e+00 -1.5909e-01 -2.5260e-01
938 0 +6.471188738e-02 -4.914652881e+02 -4.914652881e+02 +5.4862e-02 -8.1620e-01 -3.1492e+00 -1.7866e-01 -2.8506e-01
947 0 +4.904562545e-02 -4.914809544e+02 -4.914809544e+02 +3.6184e-02 -8.6937e-01 -3.1954e+00 -2.1413e-01 -2.9366e-01
976 0 +3.347214040e-02 -4.914965279e+02 -4.914965279e+02 +6.9081e-02 -8.2072e-01 -3.1496e+00 -1.3671e-01 -2.5145e-01
982 0 +2.547366091e-02 -4.915045263e+02 -4.915045263e+02 +9.4507e-02 -7.5525e-01 -3.0893e+00 -8.5580e-02 -2.3444e-01
987 0 +2.110246554e-02 -4.915088975e+02 -4.915088975e+02 +1.0073e-01 -7.4009e-01 -3.0755e+00 -7.2543e-02 -2.3065e-01
993 0 +1.657577946e-02 -4.915134242e+02 -4.915134242e+02 +7.8166e-02 -7.9154e-01 -3.1230e+00 -1.1985e-01 -2.4879e-01
1000 0 +1.657577946e-02 -4.915134242e+02 -4.915134242e+02 +7.8166e-02 -7.9154e-01 -3.1230e+00 -1.1985e-01 -2.4879e-01
