% f evaluations | g evaluations | best noise-free fitness - Fopt (5.154000000000e+02) + sum g_i+ | measured fitness | best measured fitness or single-digit g-values | x1 | x2...
1 0 +1.777287336e+01 +5.331728734e+02 +5.331728734e+02 +2.3327e+00 +6.8149e-01
2 0 +1.314740622e+01 +5.285474062e+02 +5.285474062e+02 -1.5878e+00 -6.1230e-01
3 0 +1.068028867e+01 +5.260802887e+02 +5.260802887e+02 -3.8431e-01 -1.9961e+00
4 0 +6.605087889e+00 +5.220050879e+02 +5.220050879e+02 -1.7940e+00 +4.7488e-01
7 0 +4.518297433e+00 +5.199182974e+02 +5.199182974e+02 -1.1352e+00 +3.6073e+00
13 0 +4.113613427e+00 +5.195136134e+02 +5.195136134e+02 -1.6811e+00 +3.8174e+00
18 0 +2.041228675e+00 +5.174412287e+02 +5.174412287e+02 -2.3472e+00 -6.5119e-01
39 0 +1.972768633e+00 +5.173727686e+02 +5.173727686e+02 -2.3849e+00 -6.4859e-01
50 0 +1.786031404e+00 +5.171860314e+02 +5.171860314e+02 -4.9387e-01 +4.6954e-01
