% f evaluations | g evaluations | best noise-free fitness - Fopt (-4.697500000000e+02) + sum g_i+ | measured fitness | best measured fitness or single-digit g-values | x1 | x2...
1 0 +7.701527509e+06 +7.701057759e+06 +7.701057759e+06 -8.1641e-01 -3.1461e-01
3 0 +7.367602041e+06 +7.367132291e+06 +7.367132291e+06 +1.6516e+00 -2.1943e-01
4 0 +5.562406382e+06 +5.561936632e+06 +5.561936632e+06 -1.3965e+00 -8.3391e-01
9 0 +3.491172257e+06 +3.490702507e+06 +3.490702507e+06 -1.2380e+00 -1.1348e+00
12 0 +9.525373000e+04 +9.478398000e+04 +9.478398000e+04 -1.7734e+00 -3.4151e+00
15 0 +1.183391200e+04 +1.136416200e+04 +1.136416200e+04 +1.0366e-01 -2.8596e+00
41 0 +9.221173208e+03 +8.751423208e+03 +8.751423208e+03 -1.2357e+00 -3.1674e+00
45 0 +1.817434687e+03 +1.347684687e+03 +1.347684687e+03 -1.6023e+00 -3.1358e+00
50 0 +1.817434687e+03 +1.347684687e+03 +1.347684687e+03 -1.6023e+00 -3.1358e+00
