% f evaluations | g evaluations | best noise-free fitness - Fopt (-4.822000000000e+01) + sum g_i+ | measured fitness | best measured fitness or single-digit g-values | x1 | x2...
1 0 +4.667015491e+02 +4.184815491e+02 +4.184815491e+02 -2.0348e+00 +1.7023e+00 +3.5659e+00 +2.9654e-01 +2.6610e+00
2 0 +7.227798278e+01 +2.405798278e+01 +2.405798278e+01 +1.0112e+00 -3.7969e-01 -1.4207e+00 -2.6256e+00 -3.5189e+00
24 0 +6.208085829e+01 +1.386085829e+01 +1.386085829e+01 +8.4899e-01 +4.5732e-01 -1.1356e+00 -8.5883e-02 -3.3858e+00
26 0 +4.701604522e+01 -1.203954778e+00 -1.203954778e+00 -1.2174e+00 -8.1055e-01 -1.6601e+00 -1.5003e+00 -3.1824e+00
34 0 +3.528110440e+01 -1.293889560e+01 -1.293889560e+01 -3.0862e+00 -5.0150e-02 +2.1518e-01 +1.8018e-01 -4.9513e+00
61 0 +2.607157878e+01 -2.214842122e+01 -2.214842122e+01 -1.7401e+00 -5.5408e-01 -1.3957e+00 +6.0545e-01 -3.1442e+00
190 0 +1.425072259e+01 -3.396927741e+01 -3.396927741e+01 -2.3660e+00 -7.7603e-01 -3.0230e+00 -1.6472e-01 -3.0955e+00
453 0 +1.182357021e+01 -3.639642979e+01 -3.639642979e+01 -2.0112e+00 -1.0269e+00 -2.2155e+00 +2.5992e-01 -3.7222e+00
1000 0 +1.182357021e+01 -3.639642979e+01 -3.639642979e+01 -2.0112e+00 -1.0269e+00 -2.2155e+00 +2.5992e-01 -3.7222e+00
