% f evaluations | g evaluations | best noise-free fitness - Fopt (3.820000000000e+00) + sum g_i+ | measured fitness | best measured fitness or single-digit g-values | x1 | x2...
1 0 +2.009439336e+03 +2.013259336e+03 +2.013259336e+03 -1.9518e+00 -2.6434e+00
2 0 +1.761847810e+03 +1.765667810e+03 +1.765667810e+03 -1.7091e+00 -4.6575e+00
3 0 +2.377615412e+02 +2.415815412e+02 +2.415815412e+02 +2.0534e+00 +3.5704e-01
7 0 +7.029898195e+01 +7.411898195e+01 +7.411898195e+01 +2.8184e+00 -1.2353e+00
17 0 +3.124926650e+01 +3.506926650e+01 +3.506926650e+01 +3.0813e+00 -1.1727e+00
18 0 +3.440337096e+00 +7.260337096e+00 +7.260337096e+00 +3.5481e+00 -2.1721e+00
24 0 +1.996759007e+00 +5.816759007e+00 +5.816759007e+00 +3.5539e+00 +5.3963e-01
38 0 +9.104910654e-02 +3.911049107e+00 +3.911049107e+00 +3.8828e+00 +8.2797e-01
50 0 +9.104910654e-02 +3.911049107e+00 +3.911049107e+00 +3.8828e+00 +8.2797e-01
