% f evaluations | g evaluations | best noise-free fitness - Fopt (-4.822000000000e+01) + sum g_i+ | measured fitness | best measured fitness or single-digit g-values | x1 | x2...
1 0 +1.630335637e+02 +1.148135637e+02 +1.148135637e+02 -7.4144e-01 -3.0291e+00 -9.9433e-01 +1.3742e+00 +4.1528e-01
6 0 +1.306601442e+02 +8.244014424e+01 +8.244014424e+01 -3.8369e-01 -1.0993e+00 +9.4397e-01 +8.0599e-02 -5.3425e-01
23 0 +1.236887378e+02 +7.546873779e+01 +7.546873779e+01 -1.9555e+00 -6.1787e-01 +2.2827e+00 +2.0015e+00 -4.5419e+00
26 0 +1.026895663e+02 +5.446956633e+01 +5.446956633e+01 -1.1735e+00 -6.8306e-01 +6.5628e-01 +7.8967e-01 -2.8062e+00
28 0 +7.250099835e+01 +2.428099835e+01 +2.428099835e+01 -2.7207e-01 +1.1982e-01 +7.9413e-01 +5.9205e-01 -2.9151e+00
48 0 +5.412400802e+01 +5.904008023e+00 +5.904008023e+00 +5.7853e-01 -5.2546e-01 -2.0270e+00 +2.3173e-01 -1.3107e+00
54 0 +4.708169944e+01 -1.138300563e+00 -1.138300563e+00 +2.8528e-01 -7.0331e-01 -2.1109e+00 -4.2476e-01 -3.3341e+00
64 0 +1.970115384e+01 -2.851884616e+01 -2.851884616e+01 -7.4532e-01 -1.0231e+00 -3.0529e+00 -4.0906e-01 -4.1651e+00
200 0 +1.970115384e+01 -2.851884616e+01 -2.851884616e+01 -7.4532e-01 -1.0231e+00 -3.0529e+00 -4.0906e-01 -4.1651e+00
