% f evaluations | g evaluations | best noise-free fitness - Fopt (2.731500000000e+02) + sum g_i+ | measured fitness | best measured fitness or single-digit g-values | x1 | x2...
1 0 +1.178115308e+02 +3.909615308e+02 +3.909615308e+02 -1.0463e+00 +6.2982e-01
11 0 +1.139731877e+02 +3.871231877e+02 +3.871231877e+02 -8.0404e-01 +1.1869e+00
15 0 +5.968458242e+01 +3.328345824e+02 +3.328345824e+02 -2.2719e+00 +2.1034e+00
25 0 +1.850869231e+01 +2.916586923e+02 +2.916586923e+02 -3.9822e+00 +1.6258e+00
41 0 +8.273726746e+00 +2.814237267e+02 +2.814237267e+02 -4.4222e+00 +2.3652e+00
61 0 +7.830379592e+00 +2.809803796e+02 +2.809803796e+02 -4.7600e+00 +1.7433e+00
68 0 +4.759480399e+00 +2.779094804e+02 +2.779094804e+02 -4.0705e+00 +2.6742e+00
98 0 +7.601730303e-01 +2.739101730e+02 +2.739101730e+02 -3.8842e+00 +3.0875e+00
612 0 +7.601730303e-01 +2.739101730e+02 +2.739101730e+02 -3.8842e+00 +3.0875e+00
