% f evaluations | g evaluations | best noise-free fitness - Fopt (1.364000000000e+01) + sum g_i+ | measured fitness | best measured fitness or single-digit g-values | x1 | x2...
1 0 +7.778799356e+01 +9.142799356e+01 +9.142799356e+01 +2.1147e+00 +3.7644e+00 +2.3107e-01 +8.5218e-01 +8.5645e-01
2 0 +7.475935065e+01 +8.839935065e+01 +8.839935065e+01 -1.1659e+00 +1.7757e+00 +5.0374e-01 +5.2576e-01 -1.0268e+00
3 0 +6.623319082e+01 +7.987319082e+01 +7.987319082e+01 -2.4538e+00 -2.1020e+00 -2.1722e+00 -1.8721e+00 +1.3286e+00
28 0 +5.034985099e+01 +6.398985099e+01 +6.398985099e+01 -2.1819e-01 +3.2382e-02 -9.4639e-01 -1.1824e+00 -1.1372e-01
48 0 +4.275541678e+01 +5.639541678e+01 +5.639541678e+01 +1.7133e+00 +4.8806e-01 +1.3303e-01 -1.0021e+00 +6.1540e-01
73 0 +3.587765387e+01 +4.951765387e+01 +4.951765387e+01 +2.2891e+00 +1.7791e-01 -6.1536e-01 -1.3416e+00 +1.2551e+00
106 0 +3.049283366e+01 +4.413283366e+01 +4.413283366e+01 +1.6123e+00 +6.3852e-01 +4.5030e-01 -1.7111e+00 +2.2446e+00
128 0 +1.374537830e+01 +2.738537830e+01 +2.738537830e+01 +1.7000e+00 +8.8278e-01 +2.9980e-01 -9.4093e-01 +1.1757e+00
200 0 +1.374537830e+01 +2.738537830e+01 +2.738537830e+01 +1.7000e+00 +8.8278e-01 +2.9980e-01 -9.4093e-01 +1.1757e+00
