% f evaluations | g evaluations | best noise-free fitness - Fopt (5.154000000000e+02) + sum g_i+ | measured fitness | best measured fitness or single-digit g-values | x1 | x2...
1 0 +5.402435073e+01 +5.694243507e+02 +5.694243507e+02 -2.3395e+00 +1.1931e+00 +1.5851e+00 +7.0175e-01 +2.3454e+00
2 0 +4.540077648e+01 +5.608007765e+02 +5.608007765e+02 -1.7662e+00 -1.4879e+00 -3.0569e+00 +1.0038e+00 +2.6807e-01
3 0 +2.313671176e+01 +5.385367118e+02 +5.385367118e+02 +6.8517e-01 -7.7514e-01 +1.0962e+00 -9.6757e-02 -1.2781e+00
9 0 +9.993155937e+00 +5.253931559e+02 +5.253931559e+02 +3.9344e-01 +7.7273e-01 +2.6705e-01 +1.4901e+00 -1.6534e+00
107 0 +7.526687730e+00 +5.229266877e+02 +5.229266877e+02 +1.3124e+00 +1.2135e+00 +5.7485e-01 +2.0398e+00 -3.7714e-01
127 0 +5.826165675e+00 +5.212261657e+02 +5.212261657e+02 +9.9238e-01 +1.2602e+00 +6.4183e-01 +1.9359e+00 -2.5821e-02
152 0 +5.457267917e+00 +5.208572679e+02 +5.208572679e+02 +9.9713e-01 +1.3411e+00 +9.0004e-01 +1.6327e+00 +8.2577e-01
195 0 +3.920699454e+00 +5.193206995e+02 +5.193206995e+02 +7.4521e-01 +1.2969e+00 +7.4070e-01 +2.0252e+00 +6.5096e-01
200 0 +3.920699454e+00 +5.193206995e+02 +5.193206995e+02 +7.4521e-01 +1.2969e+00 +7.4070e-01 +2.0252e+00 +6.5096e-01
