% f evaluations | g evaluations | best noise-free fitness - Fopt (3.201900000000e+02) + sum g_i+ | measured fitness | best measured fitness or single-digit g-values | x1 | x2...
1 0 +1.990977255e+07 +1.991009274e+07 +1.991009274e+07 +1.1334e+00 -2.8548e+00 -2.1208e+00 -8.7827e-01 +9.9080e-01
2 0 +1.352990435e+07 +1.353022454e+07 +1.353022454e+07 -8.4862e-01 -1.8210e+00 -2.5998e-01 -1.4818e+00 +2.5573e-01
4 0 +1.312247578e+07 +1.312279597e+07 +1.312279597e+07 -1.4380e-01 -2.5351e+00 -6.0059e-01 -3.6733e+00 +1.8121e-01
5 0 +1.112379644e+07 +1.112411663e+07 +1.112411663e+07 -7.8718e-01 +6.8286e-01 -1.5714e-01 -6.6901e-01 -4.4136e-02
7 0 +2.460047266e+06 +2.460367456e+06 +2.460367456e+06 +2.8816e+00 -7.8727e-01 -3.4632e-01 +1.9854e+00 -1.8706e+00
10 0 +1.334289556e+06 +1.334609746e+06 +1.334609746e+06 +1.9551e+00 -1.8714e+00 -1.1760e+00 +1.8308e+00 -2.4471e+00
18 0 +7.479558460e+05 +7.482760360e+05 +7.482760360e+05 -3.5315e-01 -1.1059e+00 -2.0913e+00 +9.3904e-01 -2.5906e+00
21 0 +5.828755541e+05 +5.831957441e+05 +5.831957441e+05 +7.7724e-02 +2.0040e-01 -3.5015e+00 +1.7629e+00 -4.0812e+00
25 0 +7.939810564e+04 +7.971829564e+04 +7.971829564e+04 +1.4839e+00 -5.4153e-01 -9.0706e-02 +8.3009e-01 -3.4907e+00
40 0 +1.020687166e+04 +1.052706166e+04 +1.052706166e+04 +5.6369e-01 -9.2615e-01 +4.2422e-01 -3.9469e-01 -3.5239e+00
132 0 +9.766337980e+03 +1.008652798e+04 +1.008652798e+04 -2.9210e-01 +6.3189e-03 +1.8589e+00 -1.3968e+00 -3.4973e+00
147 0 +2.648488621e+03 +2.968678621e+03 +2.968678621e+03 -1.4232e+00 -9.0673e-02 +1.0849e+00 -1.0341e+00 -3.4311e+00
154 0 +1.121052158e+03 +1.441242158e+03 +1.441242158e+03 -1.9048e+00 +5.5370e-01 +1.3686e+00 -7.1887e-01 -3.4864e+00
217 0 +6.119296321e+02 +9.321196321e+02 +9.321196321e+02 +5.0978e-01 +3.3392e-01 +1.6153e+00 -8.9419e-01 -3.4523e+00
298 0 +5.117088598e+02 +8.318988598e+02 +8.318988598e+02 -1.9689e+00 +1.2877e+00 +1.3229e+00 -8.0800e-01 -3.4679e+00
326 0 +3.549540930e+02 +6.751440930e+02 +6.751440930e+02 -3.5877e+00 +8.9162e-01 +1.3292e+00 -8.5155e-01 -3.4741e+00
335 0 +2.790526119e+02 +5.992426119e+02 +5.992426119e+02 -2.5753e+00 +2.3317e-01 +1.3240e+00 -8.8330e-01 -3.4734e+00
380 0 +1.166675258e+02 +4.368575258e+02 +4.368575258e+02 -4.3157e+00 -9.3653e-01 +1.4434e+00 -8.2435e-01 -3.4721e+00
408 0 +1.007134561e+02 +4.209034561e+02 +4.209034561e+02 -4.0404e+00 -8.5371e-01 +1.5431e+00 -8.4785e-01 -3.4707e+00
453 0 +9.607659327e+01 +4.162665933e+02 +4.162665933e+02 -4.9695e+00 -1.3764e+00 +1.4950e+00 -8.8637e-01 -3.4726e+00
458 0 +8.733099949e+01 +4.075209995e+02 +4.075209995e+02 -4.9076e+00 -1.4703e+00 +1.3529e+00 -8.3942e-01 -3.4753e+00
467 0 +4.526922852e+01 +3.654592285e+02 +3.654592285e+02 -4.8153e+00 -1.6197e+00 +1.4137e+00 -8.6800e-01 -3.4723e+00
497 0 +3.883094663e+01 +3.590209466e+02 +3.590209466e+02 -4.8302e+00 -1.5366e+00 +1.4050e+00 -8.6566e-01 -3.4694e+00
531 0 +3.415544884e+01 +3.543454488e+02 +3.543454488e+02 -4.9730e+00 -1.7828e+00 +1.3824e+00 -8.5304e-01 -3.4692e+00
549 0 +2.858980707e+01 +3.487798071e+02 +3.487798071e+02 -4.9557e+00 -1.9998e+00 +1.3844e+00 -8.6838e-01 -3.4704e+00
553 0 +2.765255052e+01 +3.478425505e+02 +3.478425505e+02 -5.0000e+00 -2.0048e+00 +1.4138e+00 -8.6778e-01 -3.4694e+00
575 0 +2.420849485e+01 +3.443984948e+02 +3.443984948e+02 -4.9774e+00 -2.1540e+00 +1.4266e+00 -8.5114e-01 -3.4704e+00
620 0 +2.026189414e+01 +3.404518941e+02 +3.404518941e+02 -4.7476e+00 -2.4105e+00 +1.3694e+00 -8.6059e-01 -3.4696e+00
650 0 +1.882855669e+01 +3.390185567e+02 +3.390185567e+02 -4.6246e+00 -2.3554e+00 +1.3794e+00 -8.5356e-01 -3.4694e+00
663 0 +1.770198508e+01 +3.378919851e+02 +3.378919851e+02 -4.5378e+00 -2.5040e+00 +1.3978e+00 -8.5793e-01 -3.4696e+00
702 0 +1.511881202e+01 +3.353088120e+02 +3.353088120e+02 -4.1734e+00 -2.5005e+00 +1.4106e+00 -8.6002e-01 -3.4692e+00
728 0 +1.397778253e+01 +3.341677825e+02 +3.341677825e+02 -4.0989e+00 -2.4516e+00 +1.4030e+00 -8.5738e-01 -3.4690e+00
753 0 +1.212737829e+01 +3.323173783e+02 +3.323173783e+02 -3.6166e+00 -2.5923e+00 +1.4117e+00 -8.5373e-01 -3.4698e+00
775 0 +9.602590717e+00 +3.297925907e+02 +3.297925907e+02 -3.3559e+00 -2.5536e+00 +1.4027e+00 -8.5738e-01 -3.4691e+00
796 0 +8.139963641e+00 +3.283299636e+02 +3.283299636e+02 -2.9587e+00 -2.5876e+00 +1.3908e+00 -8.5951e-01 -3.4691e+00
810 0 +7.502978572e+00 +3.276929786e+02 +3.276929786e+02 -2.6084e+00 -2.4811e+00 +1.4062e+00 -8.6564e-01 -3.4688e+00
812 0 +7.037719980e+00 +3.272277200e+02 +3.272277200e+02 -2.6344e+00 -2.4193e+00 +1.4211e+00 -8.6550e-01 -3.4701e+00
817 0 +5.650816213e+00 +3.258408162e+02 +3.258408162e+02 -2.7944e+00 -2.3127e+00 +1.4180e+00 -8.5624e-01 -3.4696e+00
831 0 +5.366007427e+00 +3.255560074e+02 +3.255560074e+02 -2.3102e+00 -2.2973e+00 +1.3890e+00 -8.5334e-01 -3.4688e+00
835 0 +4.167087909e+00 +3.243570879e+02 +3.243570879e+02 -2.1558e+00 -2.3310e+00 +1.3765e+00 -8.5692e-01 -3.4699e+00
861 0 +3.711327636e+00 +3.239013276e+02 +3.239013276e+02 -1.6602e+00 -2.4442e+00 +1.3933e+00 -8.6374e-01 -3.4703e+00
874 0 +2.190900097e+00 +3.223809001e+02 +3.223809001e+02 -8.6346e-01 -2.5432e+00 +1.4041e+00 -8.6238e-01 -3.4695e+00
918 0 +1.843163885e+00 +3.220331639e+02 +3.220331639e+02 -1.1766e+00 -2.5542e+00 +1.4042e+00 -8.5624e-01 -3.4693e+00
927 0 +1.315709518e+00 +3.215057095e+02 +3.215057095e+02 -1.1824e+00 -2.5045e+00 +1.4087e+00 -8.5917e-01 -3.4695e+00
946 0 +1.077511740e+00 +3.212675117e+02 +3.212675117e+02 -8.6353e-01 -2.5094e+00 +1.4126e+00 -8.5753e-01 -3.4695e+00
959 0 +9.024174050e-01 +3.210924174e+02 +3.210924174e+02 -1.0815e+00 -2.4827e+00 +1.4080e+00 -8.5718e-01 -3.4697e+00
967 0 +5.537573718e-01 +3.207437574e+02 +3.207437574e+02 -6.6206e-01 -2.4782e+00 +1.3981e+00 -8.5808e-01 -3.4697e+00
968 0 +3.012327669e-01 +3.204912328e+02 +3.204912328e+02 -6.0223e-01 -2.4350e+00 +1.4047e+00 -8.5842e-01 -3.4699e+00
969 0 +1.752356941e-01 +3.203652357e+02 +3.203652357e+02 -7.5956e-01 -2.3723e+00 +1.4092e+00 -8.5697e-01 -3.4697e+00
982 0 +5.513642923e-02 +3.202451364e+02 +3.202451364e+02 -5.3497e-01 -2.3682e+00 +1.4044e+00 -8.5763e-01 -3.4698e+00
1000 0 +5.513642923e-02 +3.202451364e+02 +3.202451364e+02 -5.3497e-01 -2.3682e+00 +1.4044e+00 -8.5763e-01 -3.4698e+00
