% f evaluations | g evaluations | best noise-free fitness - Fopt (6.671000000000e+01) + sum g_i+ | measured fitness | best measured fitness or single-digit g-values | x1 | x2...
1 0 +8.991252747e+01 +1.566225275e+02 +1.566225275e+02 -8.1059e-02 -1.5901e+00 +4.6140e-01 +1.2641e+00 -9.3488e-01
13 0 +7.680421458e+01 +1.435142146e+02 +1.435142146e+02 -6.4798e-02 +5.8859e-01 -5.1381e-01 -2.9220e-01 -3.2016e+00
17 0 +6.451447387e+01 +1.312244739e+02 +1.312244739e+02 +4.4731e-01 +1.9150e-01 +8.3789e-01 +3.0709e-01 -4.5016e+00
20 0 +5.504910341e+01 +1.217591034e+02 +1.217591034e+02 -2.1192e+00 -1.5868e+00 +1.2692e-01 +1.3650e+00 -4.0555e+00
33 0 +3.381978689e+01 +1.005297869e+02 +1.005297869e+02 -3.0426e+00 -3.1034e-01 -7.9809e-01 +4.0461e+00 -4.5129e+00
53 0 +2.623552729e+01 +9.294552729e+01 +9.294552729e+01 -4.3079e+00 -4.2793e+00 -1.7949e+00 +4.0302e+00 -4.1327e+00
65 0 +2.347134796e+01 +9.018134796e+01 +9.018134796e+01 -3.9997e+00 -2.4203e+00 -3.2760e+00 +4.5059e+00 -4.0347e+00
76 0 +2.178923730e+01 +8.849923730e+01 +8.849923730e+01 -3.6067e+00 -4.5560e+00 -3.2079e+00 +2.6094e+00 -4.9504e+00
81 0 +1.936810887e+01 +8.607810887e+01 +8.607810887e+01 -5.0000e+00 -1.4507e+00 -1.5301e+00 +4.9340e+00 -4.8287e+00
103 0 +1.593017385e+01 +8.264017385e+01 +8.264017385e+01 -3.8364e+00 -4.4932e+00 -2.2048e+00 +4.8609e+00 -4.5756e+00
111 0 +1.071893628e+01 +7.742893628e+01 +7.742893628e+01 +1.0086e+00 -3.5476e+00 -4.4415e+00 +4.9589e+00 -4.9870e+00
230 0 +8.620509608e+00 +7.533050961e+01 +7.533050961e+01 -1.1356e+00 -4.8769e+00 -4.0735e+00 +4.9951e+00 -4.8421e+00
238 0 +4.372106797e+00 +7.108210680e+01 +7.108210680e+01 -3.5620e+00 -4.7487e+00 -4.3453e+00 +4.9260e+00 -4.9999e+00
262 0 +1.764381139e+00 +6.847438114e+01 +6.847438114e+01 -4.5375e+00 -4.7945e+00 -4.7723e+00 +4.9693e+00 -4.9956e+00
266 0 +1.286150759e+00 +6.799615076e+01 +6.799615076e+01 -4.9969e+00 -4.9987e+00 -4.8754e+00 +4.9050e+00 -4.9647e+00
277 0 +9.841123650e-01 +6.769411237e+01 +6.769411237e+01 -4.2421e+00 -4.9566e+00 -4.9994e+00 +4.9959e+00 -4.9876e+00
296 0 +5.559496462e-01 +6.726594965e+01 +6.726594965e+01 -5.0000e+00 -4.9327e+00 -4.9877e+00 +4.9293e+00 -5.0000e+00
310 0 +2.946975961e-01 +6.700469760e+01 +6.700469760e+01 -4.9189e+00 -4.9918e+00 -4.9691e+00 +4.9993e+00 -4.9903e+00
350 0 +1.371084904e-01 +6.684710849e+01 +6.684710849e+01 -4.9305e+00 -4.9733e+00 -5.0000e+00 +4.9993e+00 -4.9984e+00
384 0 +2.221849683e-02 +6.673221850e+01 +6.673221850e+01 -4.9997e+00 -4.9995e+00 -4.9989e+00 +5.0000e+00 -4.9982e+00
393 0 +1.272432247e-02 +6.672272432e+01 +6.672272432e+01 -4.9977e+00 -4.9958e+00 -4.9992e+00 +4.9999e+00 -5.0000e+00
446 0 +5.153973249e-03 +6.671515397e+01 +6.671515397e+01 -4.9991e+00 -4.9999e+00 -4.9997e+00 +4.9995e+00 -5.0000e+00
485 0 +4.639045889e-03 +6.671463905e+01 +6.671463905e+01 -4.9981e+00 -4.9998e+00 -4.9995e+00 +4.9999e+00 -5.0000e+00
494 0 +2.644682371e-03 +6.671264468e+01 +6.671264468e+01 -4.9997e+00 -5.0000e+00 -4.9995e+00 +4.9999e+00 -5.0000e+00
497 0 +2.510399235e-03 +6.671251040e+01 +6.671251040e+01 -4.9986e+00 -4.9996e+00 -5.0000e+00 +5.0000e+00 -5.0000e+00
502 0 +1.918942365e-03 +6.671191894e+01 +6.671191894e+01 -4.9998e+00 -4.9998e+00 -4.9997e+00 +4.9999e+00 -5.0000e+00
505 0 +1.745854398e-03 +6.671174585e+01 +6.671174585e+01 -4.9999e+00 -4.9998e+00 -4.9998e+00 +5.0000e+00 -5.0000e+00
527 0 +4.821168100e-04 +6.671048212e+01 +6.671048212e+01 -5.0000e+00 -4.9999e+00 -5.0000e+00 +5.0000e+00 -5.0000e+00
528 0 +3.320091339e-04 +6.671033201e+01 +6.671033201e+01 -5.0000e+00 -5.0000e+00 -5.0000e+00 +5.0000e+00 -5.0000e+00
579 0 +3.011686285e-04 +6.671030117e+01 +6.671030117e+01 -4.9999e+00 -5.0000e+00 -5.0000e+00 +5.0000e+00 -5.0000e+00
589 0 +2.070912358e-04 +6.671020709e+01 +6.671020709e+01 -4.9999e+00 -5.0000e+00 -5.0000e+00 +5.0000e+00 -5.0000e+00
597 0 +1.207779675e-04 +6.671012078e+01 +6.671012078e+01 -5.0000e+00 -5.0000e+00 -5.0000e+00 +5.0000e+00 -5.0000e+00
606 0 +6.439514085e-05 +6.671006440e+01 +6.671006440e+01 -5.0000e+00 -5.0000e+00 -5.0000e+00 +5.0000e+00 -5.0000e+00
624 0 +5.759558917e-05 +6.671005760e+01 +6.671005760e+01 -5.0000e+00 -5.0000e+00 -5.0000e+00 +5.0000e+00 -5.0000e+00
628 0 +3.751706933e-05 +6.671003752e+01 +6.671003752e+01 -5.0000e+00 -5.0000e+00 -5.0000e+00 +5.0000e+00 -5.0000e+00
645 0 +3.521633960e-05 +6.671003522e+01 +6.671003522e+01 -5.0000e+00 -5.0000e+00 -5.0000e+00 +5.0000e+00 -5.0000e+00
647 0 +2.361455590e-05 +6.671002361e+01 +6.671002361e+01 -5.0000e+00 -5.0000e+00 -5.0000e+00 +5.0000e+00 -5.0000e+00
655 0 +1.081970969e-05 +6.671001082e+01 +6.671001082e+01 -5.0000e+00 -5.0000e+00 -5.0000e+00 +5.0000e+00 -5.0000e+00
666 0 +6.049566082e-06 +6.671000605e+01 +6.671000605e+01 -5.0000e+00 -5.0000e+00 -5.0000e+00 +5.0000e+00 -5.0000e+00
716 0 +4.088978741e-06 +6.671000409e+01 +6.671000409e+01 -5.0000e+00 -5.0000e+00 -5.0000e+00 +5.0000e+00 -5.0000e+00
720 0 +2.896711990e-06 +6.671000290e+01 +6.671000290e+01 -5.0000e+00 -5.0000e+00 -5.0000e+00 +5.0000e+00 -5.0000e+00
728 0 +1.836160308e-06 +6.671000184e+01 +6.671000184e+01 -5.0000e+00 -5.0000e+00 -5.0000e+00 +5.0000e+00 -5.0000e+00
751 0 +6.765456959e-07 +6.671000068e+01 +6.671000068e+01 -5.0000e+00 -5.0000e+00 -5.0000e+00 +5.0000e+00 -5.0000e+00
768 0 +4.908450535e-07 +6.671000049e+01 +6.671000049e+01 -5.0000e+00 -5.0000e+00 -5.0000e+00 +5.0000e+00 -5.0000e+00
778 0 +3.057385953e-07 +6.671000031e+01 +6.671000031e+01 -5.0000e+00 -5.0000e+00 -5.0000e+00 +5.0000e+00 -5.0000e+00
784 0 +2.401429384e-07 +6.671000024e+01 +6.671000024e+01 -5.0000e+00 -5.0000e+00 -5.0000e+00 +5.0000e+00 -5.0000e+00
791 0 +8.933696449e-08 +6.671000009e+01 +6.671000009e+01 -5.0000e+00 -5.0000e+00 -5.0000e+00 +5.0000e+00 -5.0000e+00
815 0 +5.214049281e-08 +6.671000005e+01 +6.671000005e+01 -5.0000e+00 -5.0000e+00 -5.0000e+00 +5.0000e+00 -5.0000e+00
843 0 +4.763293759e-08 +6.671000005e+01 +6.671000005e+01 -5.0000e+00 -5.0000e+00 -5.0000e+00 +5.0000e+00 -5.0000e+00
856 0 +3.303068752e-08 +6.671000003e+01 +6.671000003e+01 -5.0000e+00 -5.0000e+00 -5.0000e+00 +5.0000e+00 -5.0000e+00
857 0 +2.910535102e-08 +6.671000003e+01 +6.671000003e+01 -5.0000e+00 -5.0000e+00 -5.0000e+00 +5.0000e+00 -5.0000e+00
859 0 +1.405901173e-08 +6.671000001e+01 +6.671000001e+01 -5.0000e+00 -5.0000e+00 -5.0000e+00 +5.0000e+00 -5.0000e+00
907 0 +6.612737025e-09 +6.671000001e+01 +6.671000001e+01 -5.0000e+00 -5.0000e+00 -5.0000e+00 +5.0000e+00 -5.0000e+00
1000 0 +1.102904434e-10 +6.671000000e+01 +6.671000000e+01 -5.0000e+00 -5.0000e+00 -5.0000e+00 +5.0000e+00 -5.0000e+00
