% f evaluations | g evaluations | best noise-free fitness - Fopt (7.731000000000e+01) + sum g_i+ | measured fitness | best measured fitness or single-digit g-values | x1 | x2...
1 0 +9.645081127e+00 +8.695508113e+01 +8.695508113e+01 +5.1192e-01 -3.2025e+00 -1.5409e+00 +4.0293e-01 -1.9988e+00
3 0 +9.463993630e+00 +8.677399363e+01 +8.677399363e+01 -2.2375e-01 +2.6966e+00 -2.0330e-01 -1.9386e-01 -6.1184e-01
9 0 +7.617753943e+00 +8.492775394e+01 +8.492775394e+01 +1.3848e+00 +6.4802e-01 -7.2906e-01 +7.3836e-01 -2.2234e+00
23 0 +4.736495836e+00 +8.204649584e+01 +8.204649584e+01 +2.0411e+00 +1.5936e-02 -1.5446e+00 -5.3367e-01 -1.2463e+00
36 0 +3.395834784e+00 +8.070583478e+01 +8.070583478e+01 +1.8896e+00 -6.0131e-01 -1.6980e+00 -1.1556e+00 -1.5404e+00
46 0 +1.968656157e+00 +7.927865616e+01 +7.927865616e+01 +7.4024e-01 -5.3095e-01 -1.8609e+00 -3.4483e+00 -1.6687e-01
83 0 +1.742081210e+00 +7.905208121e+01 +7.905208121e+01 +4.5787e-01 -3.6619e-02 -2.8924e+00 -2.2622e+00 -6.4576e-01
90 0 +8.975915564e-01 +7.820759156e+01 +7.820759156e+01 +5.4169e-01 -1.2336e+00 -2.0693e+00 -2.5046e+00 +3.4931e-01
91 0 +8.154364511e-01 +7.812543645e+01 +7.812543645e+01 +4.9024e-01 -7.2522e-01 -2.1456e+00 -2.1848e+00 +2.0846e-01
97 0 +7.708843166e-01 +7.808088432e+01 +7.808088432e+01 +2.9962e-01 +3.4437e-01 -2.5108e+00 -2.0842e+00 +7.4048e-01
100 0 +4.220947021e-01 +7.773209470e+01 +7.773209470e+01 +1.2292e+00 -1.0402e+00 -1.7758e+00 -1.4793e+00 +6.8345e-01
123 0 +3.723218413e-01 +7.768232184e+01 +7.768232184e+01 +1.4616e+00 -8.8382e-01 -1.7697e+00 -1.9443e+00 +6.4913e-01
144 0 +3.286956344e-01 +7.763869563e+01 +7.763869563e+01 +7.0529e-01 -9.7766e-01 -1.8094e+00 -2.2638e+00 +1.2380e+00
150 0 +1.241983628e-01 +7.743419836e+01 +7.743419836e+01 +9.8083e-01 -9.5590e-01 -1.9099e+00 -1.6165e+00 +9.0124e-01
156 0 +1.008371798e-01 +7.741083718e+01 +7.741083718e+01 +9.2083e-01 -4.8909e-01 -1.9046e+00 -1.9614e+00 +8.6202e-01
179 0 +8.548930248e-02 +7.739548930e+01 +7.739548930e+01 +9.9552e-01 -3.9002e-01 -2.1039e+00 -2.1691e+00 +8.8494e-01
210 0 +5.846697499e-02 +7.736846697e+01 +7.736846697e+01 +1.1020e+00 -4.2132e-01 -2.1475e+00 -1.8645e+00 +8.8163e-01
216 0 +5.161538499e-02 +7.736161538e+01 +7.736161538e+01 +9.3486e-01 -6.1159e-01 -2.1098e+00 -2.0258e+00 +9.8777e-01
217 0 +4.542992627e-02 +7.735542993e+01 +7.735542993e+01 +1.0524e+00 -6.4981e-01 -2.0443e+00 -1.7985e+00 +9.1658e-01
221 0 +3.092490834e-02 +7.734092491e+01 +7.734092491e+01 +1.0108e+00 -4.3714e-01 -2.1182e+00 -1.8085e+00 +9.8619e-01
260 0 +1.989216382e-02 +7.732989216e+01 +7.732989216e+01 +1.0319e+00 -5.3692e-01 -2.1172e+00 -1.9314e+00 +9.3605e-01
271 0 +1.565045252e-02 +7.732565045e+01 +7.732565045e+01 +9.1517e-01 -4.4865e-01 -2.2174e+00 -1.9646e+00 +9.7289e-01
281 0 +7.325492993e-03 +7.731732549e+01 +7.731732549e+01 +9.5155e-01 -4.6716e-01 -2.2313e+00 -1.9253e+00 +9.8628e-01
295 0 +6.430353845e-03 +7.731643035e+01 +7.731643035e+01 +9.6506e-01 -5.0279e-01 -2.2318e+00 -1.8740e+00 +9.9171e-01
338 0 +5.747464023e-03 +7.731574746e+01 +7.731574746e+01 +9.2966e-01 -5.2447e-01 -2.2234e+00 -1.8660e+00 +1.0082e+00
347 0 +5.288257030e-03 +7.731528826e+01 +7.731528826e+01 +9.3322e-01 -5.3326e-01 -2.2066e+00 -1.8784e+00 +1.0016e+00
353 0 +4.684248424e-03 +7.731468425e+01 +7.731468425e+01 +9.1190e-01 -5.3275e-01 -2.2222e+00 -1.8586e+00 +1.0131e+00
372 0 +3.109600675e-03 +7.731310960e+01 +7.731310960e+01 +9.3085e-01 -5.2956e-01 -2.2380e+00 -1.8616e+00 +1.0042e+00
400 0 +2.024014904e-03 +7.731202401e+01 +7.731202401e+01 +9.3976e-01 -5.4577e-01 -2.2110e+00 -1.8680e+00 +9.9430e-01
408 0 +1.707985579e-03 +7.731170799e+01 +7.731170799e+01 +9.3148e-01 -5.3219e-01 -2.2082e+00 -1.8779e+00 +9.9597e-01
414 0 +1.466263701e-03 +7.731146626e+01 +7.731146626e+01 +9.2721e-01 -5.7913e-01 -2.1654e+00 -1.8705e+00 +9.9371e-01
428 0 +1.279405391e-03 +7.731127941e+01 +7.731127941e+01 +9.2427e-01 -5.5116e-01 -2.2094e+00 -1.8780e+00 +9.9738e-01
430 0 +5.418838888e-04 +7.731054188e+01 +7.731054188e+01 +9.0963e-01 -5.6439e-01 -2.1833e+00 -1.8808e+00 +1.0019e+00
488 0 +4.252500651e-04 +7.731042525e+01 +7.731042525e+01 +9.1071e-01 -5.9108e-01 -2.1330e+00 -1.8826e+00 +9.9733e-01
523 0 +1.953276639e-04 +7.731019533e+01 +7.731019533e+01 +9.0976e-01 -5.7274e-01 -2.1588e+00 -1.8946e+00 +9.9637e-01
549 0 +1.018832291e-04 +7.731010188e+01 +7.731010188e+01 +8.9473e-01 -6.0283e-01 -2.1482e+00 -1.8808e+00 +1.0039e+00
560 0 +9.014544274e-05 +7.731009015e+01 +7.731009015e+01 +9.0270e-01 -5.8707e-01 -2.1399e+00 -1.8901e+00 +9.9906e-01
593 0 +5.216542503e-05 +7.731005217e+01 +7.731005217e+01 +9.0117e-01 -5.9732e-01 -2.1311e+00 -1.8872e+00 +9.9929e-01
605 0 +4.058876375e-05 +7.731004059e+01 +7.731004059e+01 +9.0168e-01 -6.0026e-01 -2.1326e+00 -1.8846e+00 +9.9953e-01
608 0 +3.486611735e-05 +7.731003487e+01 +7.731003487e+01 +9.0074e-01 -6.0302e-01 -2.1299e+00 -1.8844e+00 +9.9967e-01
614 0 +3.123274756e-05 +7.731003123e+01 +7.731003123e+01 +8.9952e-01 -6.0277e-01 -2.1349e+00 -1.8855e+00 +1.0000e+00
693 0 +1.938442780e-05 +7.731001938e+01 +7.731001938e+01 +9.0200e-01 -5.9641e-01 -2.1350e+00 -1.8881e+00 +9.9882e-01
730 0 +1.609510565e-05 +7.731001610e+01 +7.731001610e+01 +9.0179e-01 -5.9421e-01 -2.1379e+00 -1.8886e+00 +9.9909e-01
755 0 +1.176718330e-05 +7.731001177e+01 +7.731001177e+01 +9.0078e-01 -5.9496e-01 -2.1392e+00 -1.8880e+00 +9.9970e-01
779 0 +1.082201238e-05 +7.731001082e+01 +7.731001082e+01 +8.9989e-01 -5.9533e-01 -2.1423e+00 -1.8875e+00 +1.0003e+00
791 0 +8.622282365e-06 +7.731000862e+01 +7.731000862e+01 +8.9951e-01 -5.9617e-01 -2.1406e+00 -1.8879e+00 +1.0002e+00
792 0 +7.604753449e-06 +7.731000760e+01 +7.731000760e+01 +8.9849e-01 -5.9710e-01 -2.1389e+00 -1.8888e+00 +1.0003e+00
818 0 +6.779561744e-06 +7.731000678e+01 +7.731000678e+01 +8.9847e-01 -5.9724e-01 -2.1370e+00 -1.8894e+00 +1.0001e+00
822 0 +5.964209180e-06 +7.731000596e+01 +7.731000596e+01 +8.9831e-01 -5.9770e-01 -2.1375e+00 -1.8888e+00 +1.0003e+00
826 0 +4.591996117e-06 +7.731000459e+01 +7.731000459e+01 +8.9674e-01 -6.0139e-01 -2.1372e+00 -1.8870e+00 +1.0011e+00
832 0 +2.791375721e-06 +7.731000279e+01 +7.731000279e+01 +8.9774e-01 -6.0073e-01 -2.1358e+00 -1.8872e+00 +1.0006e+00
865 0 +2.298216245e-06 +7.731000230e+01 +7.731000230e+01 +8.9685e-01 -6.0112e-01 -2.1357e+00 -1.8879e+00 +1.0008e+00
870 0 +1.813502337e-06 +7.731000181e+01 +7.731000181e+01 +8.9598e-01 -6.0184e-01 -2.1365e+00 -1.8875e+00 +1.0013e+00
876 0 +8.521460018e-07 +7.731000085e+01 +7.731000085e+01 +8.9628e-01 -6.0319e-01 -2.1324e+00 -1.8879e+00 +1.0008e+00
938 0 +6.345674706e-07 +7.731000063e+01 +7.731000063e+01 +8.9484e-01 -6.0500e-01 -2.1331e+00 -1.8872e+00 +1.0015e+00
945 0 +4.602310071e-07 +7.731000046e+01 +7.731000046e+01 +8.9510e-01 -6.0486e-01 -2.1332e+00 -1.8871e+00 +1.0014e+00
968 0 +3.950407717e-07 +7.731000040e+01 +7.731000040e+01 +8.9458e-01 -6.0635e-01 -2.1317e+00 -1.8869e+00 +1.0015e+00
970 0 +3.512834041e-07 +7.731000035e+01 +7.731000035e+01 +8.9499e-01 -6.0558e-01 -2.1323e+00 -1.8870e+00 +1.0014e+00
1000 0 +2.620829491e-07 +7.731000026e+01 +7.731000026e+01 +8.9473e-01 -6.0658e-01 -2.1316e+00 -1.8867e+00 +1.0015e+00
