% f evaluations | g evaluations | best noise-free fitness - Fopt (6.870000000000e+00) + sum g_i+ | measured fitness | best measured fitness or single-digit g-values | x1 | x2...
1 0 +1.912189306e+01 +2.599189306e+01 +2.599189306e+01 -5.3588e-01 -4.7361e-01 -1.7148e+00 +3.5994e-01 +1.6953e+00
2 0 +1.499476861e+01 +2.186476861e+01 +2.186476861e+01 -1.7594e+00 -1.5195e-01 +3.1098e-02 +1.2497e+00 +4.9997e-01
12 0 +1.352244663e+01 +2.039244663e+01 +2.039244663e+01 +1.0492e+00 +1.2405e-01 -8.2179e-01 -1.6310e-01 +1.6477e+00
17 0 +1.046476553e+01 +1.733476553e+01 +1.733476553e+01 +1.8141e+00 -1.5958e+00 +1.3207e+00 +1.1462e+00 +4.0693e+00
30 0 +8.322242626e+00 +1.519224263e+01 +1.519224263e+01 +3.5485e+00 -1.9127e+00 +2.0234e+00 +1.3251e+00 +3.6625e+00
43 0 +3.431874488e+00 +1.030187449e+01 +1.030187449e+01 +5.4599e-01 -3.3856e+00 -1.1947e+00 +2.2465e+00 +4.9319e+00
104 0 +2.894447847e+00 +9.764447847e+00 +9.764447847e+00 +1.2237e+00 -3.9459e+00 +2.4631e+00 +1.2619e+00 +3.5225e+00
150 0 +1.821395317e+00 +8.691395317e+00 +8.691395317e+00 +9.3615e-04 +5.7693e-01 +1.2073e+00 +1.8944e+00 +4.3786e+00
1000 0 +1.821395317e+00 +8.691395317e+00 +8.691395317e+00 +9.3615e-04 +5.7693e-01 +1.2073e+00 +1.8944e+00 +4.3786e+00
