% f evaluations | g evaluations | best noise-free fitness - Fopt (-4.620900000000e+02) + sum g_i+ | measured fitness | best measured fitness or single-digit g-values | x1 | x2...
1 0 +8.870176430e+01 -3.733882357e+02 -3.733882357e+02 +2.2882e+00 -4.4023e-01
4 0 +8.203592419e+01 -3.800540758e+02 -3.800540758e+02 +1.0929e+00 -2.8033e-01
5 0 +7.521336418e+01 -3.868766358e+02 -3.868766358e+02 +3.5377e-02 +2.8794e-01
6 0 +5.054813215e+01 -4.115418678e+02 -4.115418678e+02 -1.5346e+00 +1.0380e+00
8 0 +3.073158990e+01 -4.313584101e+02 -4.313584101e+02 -6.9610e-01 +1.1607e+00
34 0 +2.606794318e+01 -4.360220568e+02 -4.360220568e+02 -1.6666e+00 +1.3247e+00
49 0 +2.042680582e+01 -4.416631942e+02 -4.416631942e+02 -1.5793e+00 +1.6194e+00
74 0 +1.995081295e+01 -4.421391870e+02 -4.421391870e+02 -1.6418e+00 +1.6156e+00
522 0 +1.989907498e+01 -4.421909250e+02 -4.421909250e+02 -1.6277e+00 +1.6127e+00
