% f evaluations | g evaluations | best noise-free fitness - Fopt (2.083800000000e+02) + sum g_i+ | measured fitness | best measured fitness or single-digit g-values | x1 | x2...
1 0 +1.345279379e+04 +1.366117379e+04 +1.366117379e+04 -9.8642e-01 +3.0797e-02 -4.0588e-01 -1.5623e+00 +1.1331e+00
2 0 +1.584916293e+03 +1.793296293e+03 +1.793296293e+03 +2.5379e+00 +1.3425e+00 -1.3705e+00 +8.0363e-01 +1.0102e+00
5 0 +4.457615730e+00 +2.128376157e+02 +2.128376157e+02 -5.5343e-01 +2.0661e+00 +1.5082e+00 +1.7160e+00 +1.3927e+00
25 0 +3.784152331e+00 +2.121641523e+02 +2.121641523e+02 +9.3592e-02 +7.5670e-01 +5.3978e-01 +1.7225e+00 +2.2871e+00
33 0 +3.430069052e+00 +2.118100691e+02 +2.118100691e+02 -2.1495e+00 -1.3574e-01 +1.2601e+00 +1.5900e+00 +1.4065e+00
58 0 +3.087208288e+00 +2.114672083e+02 +2.114672083e+02 -3.6259e-01 +5.9892e-01 +1.3462e+00 +2.2516e+00 +1.2261e+00
77 0 +2.709665043e+00 +2.110896650e+02 +2.110896650e+02 -1.3005e+00 -4.7876e-01 +6.6177e-01 +2.0557e+00 +1.7800e+00
182 0 +2.379559501e+00 +2.107595595e+02 +2.107595595e+02 +1.3955e+00 +3.6689e-01 +1.7583e+00 +2.1769e+00 +1.2288e+00
200 0 +2.379559501e+00 +2.107595595e+02 +2.107595595e+02 +1.3955e+00 +3.6689e-01 +1.7583e+00 +2.1769e+00 +1.2288e+00
