% f evaluations | g evaluations | best noise-free fitness - Fopt (-3.552200000000e+02) + sum g_i+ | measured fitness | best measured fitness or single-digit g-values | x1 | x2...
1 0 +8.260088714e+01 -2.726191129e+02 -2.726191129e+02 +1.1595e+00 +1.4709e-01
4 0 +7.226154919e+01 -2.829584508e+02 -2.829584508e+02 +8.9409e-01 -1.2060e+00
6 0 +3.531243075e+01 -3.199075692e+02 -3.199075692e+02 -3.3798e-01 -2.3323e+00
11 0 +2.982939517e+01 -3.253906048e+02 -3.253906048e+02 +4.6801e+00 +5.0018e-01
12 0 +1.547914114e+01 -3.397408589e+02 -3.397408589e+02 -5.9385e-01 -2.4458e+00
18 0 +4.502294919e+00 -3.507177051e+02 -3.507177051e+02 +2.0807e+00 -2.6862e+00
38 0 +3.236203137e+00 -3.519837969e+02 -3.519837969e+02 +1.9006e-01 -2.3811e+00
49 0 +2.160884880e+00 -3.530591151e+02 -3.530591151e+02 +1.2505e+00 -2.9144e+00
50 0 +2.160884880e+00 -3.530591151e+02 -3.530591151e+02 +1.2505e+00 -2.9144e+00
