% f evaluations | g evaluations | best noise-free fitness - Fopt (3.137000000000e+01) + sum g_i+ | measured fitness | best measured fitness or single-digit g-values | x1 | x2...
1 0 +1.082875554e+04 +1.086012554e+04 +1.086012554e+04 +2.2664e-01 +4.1415e-02
3 0 +8.256280968e+01 +1.139328097e+02 +1.139328097e+02 +3.1555e+00 +6.2920e-01
5 0 +6.197326192e+00 +3.756732619e+01 +3.756732619e+01 +4.9416e-01 +2.5815e+00
11 0 +1.370541849e+00 +3.274054185e+01 +3.274054185e+01 +5.5063e-02 +2.2574e+00
29 0 +5.685770555e-01 +3.193857706e+01 +3.193857706e+01 -1.3951e-01 +2.3599e+00
35 0 +2.448577061e-01 +3.161485771e+01 +3.161485771e+01 -1.6704e-01 +2.1231e+00
36 0 +4.780477771e-04 +3.137047805e+01 +3.137047805e+01 -2.6782e-01 +1.8983e+00
188 0 +2.578396950e-04 +3.137025784e+01 +3.137025784e+01 -2.6989e-01 +1.9020e+00
200 0 +1.315972489e-04 +3.137013160e+01 +3.137013160e+01 -2.7152e-01 +1.9028e+00
