% f evaluations | g evaluations | best noise-free fitness - Fopt (5.913000000000e+01) + sum g_i+ | measured fitness | best measured fitness or single-digit g-values | x1 | x2...
1 0 +1.307188905e+07 +1.307194818e+07 +1.307194818e+07 -8.5704e-01 -1.0677e+00 +1.6931e+00 +1.8320e+00 +1.8830e+00
2 0 +2.990183746e+06 +2.990242876e+06 +2.990242876e+06 +1.6107e+00 -4.2111e-01 +3.1011e+00 -1.5458e+00 -7.8500e-01
6 0 +5.570610682e+05 +5.571201982e+05 +5.571201982e+05 +1.9003e-01 +3.2009e+00 -2.5844e+00 +1.5369e+00 -1.9090e-02
19 0 +3.870346779e+05 +3.870938079e+05 +3.870938079e+05 -5.5638e-01 +1.9011e+00 +2.8344e+00 -8.5778e-01 -1.9561e+00
20 0 +2.354042865e+05 +2.354634165e+05 +2.354634165e+05 -2.4557e-01 +4.2871e+00 +1.6631e+00 -1.6005e+00 -8.8804e-01
44 0 +5.036951944e+04 +5.042864944e+04 +5.042864944e+04 -3.0257e-01 +4.1920e+00 -7.2914e-01 -1.2522e+00 -9.1122e-01
99 0 +3.772901062e+04 +3.778814062e+04 +3.778814062e+04 -1.4731e+00 +4.8666e+00 +6.5594e-01 -2.0252e+00 -8.3453e-01
110 0 +3.378445837e+03 +3.437575837e+03 +3.437575837e+03 -9.9993e-01 +4.7364e+00 +3.5948e-01 -2.9425e+00 -1.5850e+00
200 0 +3.378445837e+03 +3.437575837e+03 +3.437575837e+03 -9.9993e-01 +4.7364e+00 +3.5948e-01 -2.9425e+00 -1.5850e+00
