% f evaluations | g evaluations | best noise-free fitness - Fopt (-1.795400000000e+02) + sum g_i+ | measured fitness | best measured fitness or single-digit g-values | x1 | x2...
1 0 +3.182286948e+02 +1.386886948e+02 +1.386886948e+02 +3.2743e-01 -3.4020e+00 +3.2829e+00 -1.9578e+00 -4.7244e-01
2 0 +8.239132659e+01 -9.714867341e+01 -9.714867341e+01 -4.9978e-02 -2.5037e+00 -9.1387e-01 +2.6786e-01 +7.7598e-01
6 0 +4.974230003e+01 -1.297977000e+02 -1.297977000e+02 -9.1661e-01 +1.9316e+00 -4.6071e-01 -6.7088e-01 -1.0816e+00
7 0 +1.457919588e+01 -1.649608041e+02 -1.649608041e+02 -2.1162e+00 +2.1666e+00 +1.7444e-01 +1.1727e+00 +2.9697e-01
18 0 +1.203859813e+01 -1.675014019e+02 -1.675014019e+02 -1.3889e+00 +3.5808e+00 -1.7505e+00 +8.5038e-01 +1.2999e-01
31 0 +5.790910443e+00 -1.737490896e+02 -1.737490896e+02 -7.7894e-01 +1.2128e+00 -1.1537e+00 +1.7280e+00 +1.9000e+00
64 0 +3.815223425e+00 -1.757247766e+02 -1.757247766e+02 +4.7894e-01 +2.8275e-01 -1.3892e+00 +1.7432e+00 +2.3244e+00
68 0 +2.904993080e+00 -1.766350069e+02 -1.766350069e+02 -8.2710e-01 +1.1038e+00 -2.8711e+00 +1.8294e+00 +2.2203e+00
87 0 +2.726434869e+00 -1.768135651e+02 -1.768135651e+02 -3.8465e-01 +3.7889e-01 -1.6717e+00 +1.2160e+00 +4.2668e+00
88 0 +1.511582681e+00 -1.780284173e+02 -1.780284173e+02 +4.2007e-01 +5.4075e-01 -3.3800e+00 +2.5293e+00 +2.1892e+00
101 0 +9.596789266e-01 -1.785803211e+02 -1.785803211e+02 +5.5131e-01 +2.3882e-01 -2.8624e+00 +2.2523e+00 +2.7898e+00
103 0 +3.935844408e-01 -1.791464156e+02 -1.791464156e+02 +1.0848e+00 +8.0758e-01 -3.0721e+00 +2.3226e+00 +4.0719e+00
119 0 +2.829811373e-01 -1.792570189e+02 -1.792570189e+02 +1.3158e+00 +5.6817e-01 -3.6422e+00 +2.2780e+00 +3.6050e+00
135 0 +2.050353246e-01 -1.793349647e+02 -1.793349647e+02 +2.6350e-01 +3.0642e-01 -3.4025e+00 +2.4381e+00 +3.8903e+00
189 0 +8.730057338e-02 -1.794526994e+02 -1.794526994e+02 +5.1582e-01 +6.8612e-01 -3.4320e+00 +2.2071e+00 +3.8553e+00
206 0 +3.136362393e-02 -1.795086364e+02 -1.795086364e+02 +8.3523e-01 +5.7325e-01 -3.5263e+00 +2.4799e+00 +3.9654e+00
229 0 +2.305661211e-02 -1.795169434e+02 -1.795169434e+02 +7.3476e-01 +4.9659e-01 -3.5228e+00 +2.1818e+00 +3.8776e+00
244 0 +7.160889274e-03 -1.795328391e+02 -1.795328391e+02 +7.3726e-01 +6.0988e-01 -3.4769e+00 +2.3612e+00 +3.9245e+00
319 0 +6.317596359e-03 -1.795336824e+02 -1.795336824e+02 +7.4967e-01 +6.1156e-01 -3.4705e+00 +2.3736e+00 +3.9210e+00
327 0 +3.115984045e-03 -1.795368840e+02 -1.795368840e+02 +7.5595e-01 +6.1999e-01 -3.4629e+00 +2.4555e+00 +3.9342e+00
381 0 +1.852908466e-03 -1.795381471e+02 -1.795381471e+02 +7.6175e-01 +5.9387e-01 -3.4586e+00 +2.4258e+00 +3.9082e+00
394 0 +1.733545943e-03 -1.795382665e+02 -1.795382665e+02 +7.6083e-01 +5.7351e-01 -3.4585e+00 +2.3928e+00 +3.8927e+00
399 0 +1.568685358e-03 -1.795384313e+02 -1.795384313e+02 +7.4844e-01 +5.6014e-01 -3.4551e+00 +2.4465e+00 +3.9011e+00
409 0 +1.355087828e-03 -1.795386449e+02 -1.795386449e+02 +7.7445e-01 +5.6041e-01 -3.4550e+00 +2.3968e+00 +3.8823e+00
412 0 +1.189054058e-03 -1.795388109e+02 -1.795388109e+02 +7.5755e-01 +5.5880e-01 -3.4611e+00 +2.3847e+00 +3.8844e+00
418 0 +4.998933577e-04 -1.795395001e+02 -1.795395001e+02 +7.7136e-01 +5.4817e-01 -3.4506e+00 +2.4130e+00 +3.8755e+00
464 0 +2.714501248e-04 -1.795397285e+02 -1.795397285e+02 +7.6833e-01 +5.4400e-01 -3.4481e+00 +2.4303e+00 +3.8777e+00
524 0 +2.253508306e-04 -1.795397746e+02 -1.795397746e+02 +7.8490e-01 +5.5216e-01 -3.4501e+00 +2.4163e+00 +3.8762e+00
543 0 +1.951456581e-04 -1.795398049e+02 -1.795398049e+02 +7.7765e-01 +5.4674e-01 -3.4513e+00 +2.4128e+00 +3.8751e+00
548 0 +1.639505085e-04 -1.795398360e+02 -1.795398360e+02 +7.8597e-01 +5.5063e-01 -3.4499e+00 +2.4225e+00 +3.8768e+00
559 0 +1.516845169e-04 -1.795398483e+02 -1.795398483e+02 +7.8085e-01 +5.4665e-01 -3.4499e+00 +2.4253e+00 +3.8767e+00
582 0 +1.113216345e-04 -1.795398887e+02 -1.795398887e+02 +7.8674e-01 +5.4096e-01 -3.4469e+00 +2.4284e+00 +3.8710e+00
603 0 +9.824128423e-05 -1.795399018e+02 -1.795399018e+02 +7.8023e-01 +5.4160e-01 -3.4485e+00 +2.4203e+00 +3.8718e+00
636 0 +8.571975326e-05 -1.795399143e+02 -1.795399143e+02 +7.7930e-01 +5.3950e-01 -3.4479e+00 +2.4210e+00 +3.8706e+00
642 0 +7.244403128e-05 -1.795399276e+02 -1.795399276e+02 +7.8016e-01 +5.3612e-01 -3.4486e+00 +2.4174e+00 +3.8686e+00
649 0 +6.166855957e-05 -1.795399383e+02 -1.795399383e+02 +7.7911e-01 +5.3472e-01 -3.4491e+00 +2.4130e+00 +3.8672e+00
656 0 +4.684649767e-05 -1.795399532e+02 -1.795399532e+02 +7.8094e-01 +5.3367e-01 -3.4487e+00 +2.4125e+00 +3.8659e+00
668 0 +4.379207826e-05 -1.795399562e+02 -1.795399562e+02 +7.8154e-01 +5.2256e-01 -3.4473e+00 +2.4055e+00 +3.8574e+00
713 0 +3.153938263e-05 -1.795399685e+02 -1.795399685e+02 +7.8209e-01 +5.2605e-01 -3.4475e+00 +2.4106e+00 +3.8605e+00
742 0 +2.680969860e-05 -1.795399732e+02 -1.795399732e+02 +7.8384e-01 +5.2698e-01 -3.4481e+00 +2.4092e+00 +3.8608e+00
745 0 +1.750755467e-05 -1.795399825e+02 -1.795399825e+02 +7.8563e-01 +5.2439e-01 -3.4486e+00 +2.4027e+00 +3.8578e+00
762 0 +1.233574326e-05 -1.795399877e+02 -1.795399877e+02 +7.8617e-01 +5.1937e-01 -3.4491e+00 +2.3956e+00 +3.8539e+00
763 0 +5.903290315e-06 -1.795399941e+02 -1.795399941e+02 +7.8861e-01 +5.1836e-01 -3.4484e+00 +2.3988e+00 +3.8533e+00
852 0 +1.662956777e-06 -1.795399983e+02 -1.795399983e+02 +7.9009e-01 +5.1218e-01 -3.4487e+00 +2.3897e+00 +3.8478e+00
933 0 +8.759686807e-07 -1.795399991e+02 -1.795399991e+02 +7.9284e-01 +5.1416e-01 -3.4482e+00 +2.3947e+00 +3.8493e+00
943 0 +4.996875020e-07 -1.795399995e+02 -1.795399995e+02 +7.9345e-01 +5.1278e-01 -3.4482e+00 +2.3931e+00 +3.8480e+00
953 0 +3.318445181e-07 -1.795399997e+02 -1.795399997e+02 +7.9278e-01 +5.1242e-01 -3.4480e+00 +2.3936e+00 +3.8480e+00
970 0 +4.604302717e-08 -1.795400000e+02 -1.795400000e+02 +7.9312e-01 +5.1424e-01 -3.4480e+00 +2.3960e+00 +3.8494e+00
1000 0 +4.604302717e-08 -1.795400000e+02 -1.795400000e+02 +7.9312e-01 +5.1424e-01 -3.4480e+00 +2.3960e+00 +3.8494e+00
