% f evaluations | g evaluations | best noise-free fitness - Fopt (-2.255000000000e+01) + sum g_i+ | measured fitness | best measured fitness or single-digit g-values | x1 | x2...
1 0 +3.404178053e+07 +3.404175798e+07 +3.404175798e+07 -2.3676e+00 -1.0117e+00
2 0 +1.437552134e+07 +1.437549879e+07 +1.437549879e+07 -6.3324e-01 +1.0507e-01
3 0 +7.265109508e+06 +7.265086958e+06 +7.265086958e+06 +1.4134e+00 -2.0684e+00
6 0 +2.063300720e+06 +2.063278170e+06 +2.063278170e+06 +1.7420e+00 +3.5902e-01
7 0 +3.802805472e+03 +3.780255472e+03 +3.780255472e+03 +3.4795e+00 +8.8980e-02
17 0 +8.442939295e+02 +8.217439295e+02 +8.217439295e+02 +2.9308e+00 +1.5907e+00
32 0 +2.657573550e+01 +4.025735499e+00 +4.025735499e+00 +4.1739e+00 -2.1740e+00
35 0 +1.736707465e+01 -5.182925353e+00 -5.182925353e+00 +3.8521e+00 -1.2218e+00
50 0 +1.736707465e+01 -5.182925353e+00 -5.182925353e+00 +3.8521e+00 -1.2218e+00
