% f evaluations | g evaluations | best noise-free fitness - Fopt (2.083800000000e+02) + sum g_i+ | measured fitness | best measured fitness or single-digit g-values | x1 | x2...
1 0 +1.077036875e+04 +1.097874875e+04 +1.097874875e+04 -5.4699e-01 +2.1976e+00 +5.1736e-01 +1.7196e+00 -8.9537e-01
2 0 +1.783875771e+03 +1.992255771e+03 +1.992255771e+03 -1.1218e+00 -9.4432e-01 +1.7610e+00 -6.4088e-01 +1.7349e+00
5 0 +3.101923178e+02 +5.185723178e+02 +5.185723178e+02 -2.5921e-01 -5.3878e-01 +2.7127e+00 +2.4890e+00 +1.3576e+00
6 0 +4.409033570e+00 +2.127890336e+02 +2.127890336e+02 +9.4159e-01 +1.1754e+00 +3.8677e-01 +1.0462e+00 +1.0432e+00
7 0 +2.485630038e+00 +2.108656300e+02 +2.108656300e+02 +7.5403e-01 +3.6781e-02 +6.0490e-01 +2.4204e+00 +1.0941e+00
305 0 +2.172912899e+00 +2.105529129e+02 +2.105529129e+02 +1.7989e+00 +3.1404e+00 +1.9191e+00 +6.7140e-01 +1.3907e+00
372 0 +1.957098039e+00 +2.103370980e+02 +2.103370980e+02 +1.4762e+00 +2.9694e+00 +1.8934e+00 +1.4916e+00 +1.4289e+00
409 0 +1.482858950e+00 +2.098628589e+02 +2.098628589e+02 +1.3948e+00 +2.9941e+00 +1.8635e+00 +1.6715e+00 +1.3526e+00
1000 0 +1.421303891e+00 +2.098013039e+02 +2.098013039e+02 +1.5127e+00 +3.0093e+00 +1.8787e+00 +1.0106e+00 +1.5154e+00
