% f evaluations | g evaluations | best noise-free fitness - Fopt (1.881000000000e+01) + sum g_i+ | measured fitness | best measured fitness or single-digit g-values | x1 | x2...
1 0 +2.917132005e+01 +4.798132005e+01 +4.798132005e+01 -2.5827e-01 +1.4956e+00 -2.5238e+00 +1.7243e+00 +1.8981e+00
2 0 +2.853217801e+01 +4.734217801e+01 +4.734217801e+01 -1.4129e+00 -1.0638e+00 +5.0882e-01 +9.0909e-01 +2.3847e+00
4 0 +1.564214950e+01 +3.445214950e+01 +3.445214950e+01 -1.6456e+00 -7.4226e-01 -1.5996e+00 +8.1487e-01 +1.5640e+00
52 0 +1.248303829e+01 +3.129303829e+01 +3.129303829e+01 -1.0231e+00 -2.7443e+00 -7.9596e-01 -1.8371e-01 +1.0677e+00
72 0 +1.026377240e+01 +2.907377240e+01 +2.907377240e+01 -4.3734e-02 -8.4748e-01 -3.7506e-01 -1.1415e+00 +2.1639e+00
106 0 +8.365556872e+00 +2.717555687e+01 +2.717555687e+01 +3.9551e-01 +1.0602e+00 +2.6298e-01 -9.5351e-01 +1.1632e+00
127 0 +3.838932313e+00 +2.264893231e+01 +2.264893231e+01 -2.5940e-01 +1.0415e+00 -3.7176e-01 -1.0678e+00 +2.4123e+00
168 0 +3.151761204e+00 +2.196176120e+01 +2.196176120e+01 +1.4279e-01 +1.7134e+00 -4.4919e-01 -9.4785e-01 +2.4387e+00
200 0 +3.151761204e+00 +2.196176120e+01 +2.196176120e+01 +1.4279e-01 +1.7134e+00 -4.4919e-01 -9.4785e-01 +2.4387e+00
