% f evaluations | g evaluations | best noise-free fitness - Fopt (-5.848000000000e+01) + sum g_i+ | measured fitness | best measured fitness or single-digit g-values | x1 | x2...
1 0 +1.874097740e+01 -3.973902260e+01 -3.973902260e+01 -2.1007e+00 -1.0974e-01
2 0 +1.767523385e+01 -4.080476615e+01 -4.080476615e+01 +2.4259e+00 +2.4353e+00
3 0 +1.286005423e+01 -4.561994577e+01 -4.561994577e+01 +6.8605e-01 +1.1860e+00
4 0 +4.043526624e-01 -5.807564734e+01 -5.807564734e+01 -8.4730e-01 -1.8378e-02
33 0 +1.051752480e-01 -5.837482475e+01 -5.837482475e+01 +2.3695e-01 +7.5974e-02
67 0 +6.658462037e-02 -5.841341538e+01 -5.841341538e+01 -1.1688e-01 +7.3123e-01
160 0 +5.589787124e-02 -5.842410213e+01 -5.842410213e+01 -2.8698e-01 +1.2235e+00
177 0 +3.101704051e-02 -5.844898296e+01 -5.844898296e+01 -7.0215e-01 +6.5057e-01
1000 0 +3.101704051e-02 -5.844898296e+01 -5.844898296e+01 -7.0215e-01 +6.5057e-01
