% f evaluations | g evaluations | best noise-free fitness - Fopt (-5.848000000000e+01) + sum g_i+ | measured fitness | best measured fitness or single-digit g-values | x1 | x2...
1 0 +1.481095192e+01 -4.366904808e+01 -4.366904808e+01 +1.1691e+00 -3.1250e-01 +1.8295e+00 -1.8970e-01 +2.3907e+00
3 0 +7.814764287e+00 -5.066523571e+01 -5.066523571e+01 +2.8452e-01 -3.6896e+00 +8.7258e-01 +1.7289e+00 -1.5520e-01
16 0 +6.607331926e+00 -5.187266807e+01 -5.187266807e+01 +7.8984e-01 +7.2765e-02 +1.1579e-01 +8.0891e-01 +5.8572e-01
41 0 +3.784775446e+00 -5.469522455e+01 -5.469522455e+01 +9.7803e-01 -6.7678e-01 +4.8994e-01 -1.3369e+00 +1.5996e-02
71 0 +2.427810136e+00 -5.605218986e+01 -5.605218986e+01 -1.3309e+00 +6.5633e-01 +1.0470e+00 -2.4008e-01 +1.2945e+00
404 0 +1.013324994e+00 -5.746667501e+01 -5.746667501e+01 -7.1287e-01 +3.4242e-01 +3.2610e-01 +5.3843e-01 +3.4297e-01
821 0 +6.651208725e-01 -5.781487913e+01 -5.781487913e+01 -6.4381e-01 -4.4405e-01 -5.4701e-01 -2.2583e-01 +3.8016e-01
916 0 +4.103888790e-01 -5.806961112e+01 -5.806961112e+01 -5.7597e-01 -3.8104e-01 -7.7123e-01 -1.9904e-01 +4.3979e-01
1000 0 +4.103888790e-01 -5.806961112e+01 -5.806961112e+01 -5.7597e-01 -3.8104e-01 -7.7123e-01 -1.9904e-01 +4.3979e-01
