% f evaluations | g evaluations | best noise-free fitness - Fopt (1.366000000000e+01) + sum g_i+ | measured fitness | best measured fitness or single-digit g-values | x1 | x2...
1 0 +1.116094333e+07 +1.116095699e+07 +1.116095699e+07 +1.2348e+00 +2.7560e-02 +9.2738e-01 -1.9907e+00 -1.8062e-02
2 0 +2.910789339e+06 +2.910802999e+06 +2.910802999e+06 -1.1341e+00 +3.0315e-01 +1.6583e-01 +1.2966e+00 +7.2305e-01
3 0 +7.850261511e+05 +7.850398111e+05 +7.850398111e+05 -2.2924e+00 +8.6599e-01 +8.9759e-01 -2.1809e-01 -1.0433e+00
7 0 +2.298883503e+05 +2.299020103e+05 +2.299020103e+05 -7.2026e-01 +1.0590e+00 -1.9542e+00 +2.9931e-01 -4.1120e+00
10 0 +3.724296359e+03 +3.737956359e+03 +3.737956359e+03 -1.1527e+00 +2.4220e+00 -8.2617e-01 -4.6687e-01 -1.0008e+00
67 0 +2.540615541e+03 +2.554275541e+03 +2.554275541e+03 -1.8679e+00 +1.3030e+00 -2.4964e+00 -1.7714e+00 -3.9997e+00
111 0 +1.855525410e+02 +1.992125410e+02 +1.992125410e+02 +5.9986e-01 +1.9787e+00 +1.8833e+00 -2.7256e+00 -4.5717e+00
123 0 +3.615682073e+01 +4.981682073e+01 +4.981682073e+01 -2.6703e+00 +1.0810e+00 +9.8282e-02 -1.6638e+00 -3.8294e+00
200 0 +3.615682073e+01 +4.981682073e+01 +4.981682073e+01 -2.6703e+00 +1.0810e+00 +9.8282e-02 -1.6638e+00 -3.8294e+00
