% f evaluations | g evaluations | best noise-free fitness - Fopt (-1.479000000000e+02) + sum g_i+ | measured fitness | best measured fitness or single-digit g-values | x1 | x2...
1 0 +3.664586582e+01 -1.112541342e+02 -1.112541342e+02 -1.2505e+00 -1.1643e+00
2 0 +1.699661278e+01 -1.309033872e+02 -1.309033872e+02 -4.0419e+00 +1.8027e+00
5 0 +1.372177390e+01 -1.341782261e+02 -1.341782261e+02 -1.8493e+00 +6.2539e-01
11 0 +1.177523591e+01 -1.361247641e+02 -1.361247641e+02 -3.7572e+00 +1.7452e+00
18 0 +1.013113456e+01 -1.377688654e+02 -1.377688654e+02 -3.6388e+00 +2.1154e+00
42 0 +5.043463136e+00 -1.428565369e+02 -1.428565369e+02 -4.8504e+00 +3.2656e+00
63 0 +2.355563422e+00 -1.455444366e+02 -1.455444366e+02 -1.3242e+00 -1.8526e-01
78 0 +5.445160652e-01 -1.473554839e+02 -1.473554839e+02 -1.2425e+00 -2.0252e-01
200 0 +5.270466024e-01 -1.473729534e+02 -1.473729534e+02 -1.4566e+00 -2.9299e-03
