% f evaluations | g evaluations | best noise-free fitness - Fopt (-4.620900000000e+02) + sum g_i+ | measured fitness | best measured fitness or single-digit g-values | x1 | x2...
1 0 +9.974212796e+01 -3.623478720e+02 -3.623478720e+02 +2.2604e-01 -3.6489e+00 +1.5207e+00 +7.7815e-01 +1.3318e+00
7 0 +8.348666810e+01 -3.786033319e+02 -3.786033319e+02 +3.2703e-01 +2.3700e+00 +3.7824e-01 +1.0728e+00 +4.0418e-01
18 0 +5.244554857e+01 -4.096444514e+02 -4.096444514e+02 -5.2538e-01 +1.5581e+00 -2.1031e-01 +1.5798e+00 +2.0138e+00
58 0 +4.039448522e+01 -4.216955148e+02 -4.216955148e+02 +2.3068e+00 +1.4830e+00 +1.2442e+00 +7.4588e-01 +1.4179e+00
95 0 +3.812226346e+01 -4.239677365e+02 -4.239677365e+02 +1.4015e+00 +1.4001e-01 +1.2224e+00 +6.7148e-01 +1.6698e+00
107 0 +3.396484589e+01 -4.281251541e+02 -4.281251541e+02 +2.1124e+00 +1.5823e+00 +1.5228e+00 +6.4404e-01 +1.7000e+00
128 0 +2.191251982e+01 -4.401774802e+02 -4.401774802e+02 +1.4203e+00 +1.4572e+00 +1.2130e+00 +1.1479e+00 +1.6246e+00
137 0 +1.922454318e+01 -4.428654568e+02 -4.428654568e+02 +1.2630e+00 +1.3958e+00 +1.6936e+00 +3.0347e-01 +1.5767e+00
200 0 +1.922454318e+01 -4.428654568e+02 -4.428654568e+02 +1.2630e+00 +1.3958e+00 +1.6936e+00 +3.0347e-01 +1.5767e+00
