% f evaluations | g evaluations | best noise-free fitness - Fopt (-3.256000000000e+01) + sum g_i+ | measured fitness | best measured fitness or single-digit g-values | x1 | x2...
1 0 +4.563201929e+01 +1.307201929e+01 +1.307201929e+01 -2.1813e-01 -5.3893e-01 -1.5379e+00 -2.3719e-01 -3.2663e-01
8 0 +3.962074855e+01 +7.060748546e+00 +7.060748546e+00 +1.0318e-01 +1.5330e+00 +1.8695e+00 -1.4450e+00 -3.9255e-02
15 0 +3.085162016e+01 -1.708379837e+00 -1.708379837e+00 -9.8211e-01 +1.2965e+00 +2.3788e+00 -4.7177e+00 -2.7657e+00
31 0 +1.643509313e+01 -1.612490687e+01 -1.612490687e+01 -8.4775e-01 +5.9262e-01 +3.7995e+00 -2.4349e+00 -5.4739e-01
38 0 +1.141998426e+01 -2.114001574e+01 -2.114001574e+01 -2.3395e-01 +2.5248e+00 +3.7839e+00 -4.8436e+00 +1.4102e+00
49 0 +9.471132240e+00 -2.308886776e+01 -2.308886776e+01 -2.1916e+00 +2.1383e+00 +3.8861e+00 -2.7331e+00 -1.4684e+00
83 0 +5.520759206e+00 -2.703924079e+01 -2.703924079e+01 +1.9526e-01 +2.2296e+00 +4.3118e+00 -4.1398e+00 -2.2921e+00
102 0 +1.813220130e+00 -3.074677987e+01 -3.074677987e+01 -3.0583e+00 +2.0477e+00 +4.6306e+00 -2.0538e+00 -1.9332e+00
200 0 +1.813220130e+00 -3.074677987e+01 -3.074677987e+01 -3.0583e+00 +2.0477e+00 +4.6306e+00 -2.0538e+00 -1.9332e+00
