% f evaluations | g evaluations | best noise-free fitness - Fopt (-2.799500000000e+02) + sum g_i+ | measured fitness | best measured fitness or single-digit g-values | x1 | x2...
1 0 +2.179344262e+03 +1.899394262e+03 +1.899394262e+03 +1.3034e-01 +6.0845e-01 +1.0178e+00 -4.1332e+00 -8.9137e-01
2 0 +2.058492644e+03 +1.778542644e+03 +1.778542644e+03 -2.0417e+00 +2.0007e+00 +7.4715e-01 +1.3808e+00 +4.1433e-01
3 0 +1.639840993e+03 +1.359890993e+03 +1.359890993e+03 -1.7432e+00 -3.0381e-01 -2.1893e-01 +1.2237e+00 +1.0112e+00
4 0 +1.206951437e+03 +9.270014369e+02 +9.270014369e+02 -1.9435e+00 -2.0586e+00 +5.0490e-01 +1.7732e+00 +1.3417e+00
12 0 +1.011681523e+03 +7.317315235e+02 +7.317315235e+02 -1.6902e+00 -2.6483e+00 +2.8537e+00 +2.9053e+00 +5.9010e-01
15 0 +8.927772623e+02 +6.128272623e+02 +6.128272623e+02 -2.0213e+00 -3.9540e+00 -5.4030e-01 +1.9253e+00 +1.4082e+00
19 0 +6.072026482e+02 +3.272526482e+02 +3.272526482e+02 -4.2411e+00 -3.2652e+00 +2.5604e+00 +1.7530e+00 +2.8646e-01
44 0 +4.859387662e+02 +2.059887662e+02 +2.059887662e+02 -4.2543e+00 -4.9814e+00 +1.9191e+00 +4.2201e-01 +4.8113e-01
50 0 +4.859387662e+02 +2.059887662e+02 +2.059887662e+02 -4.2543e+00 -4.9814e+00 +1.9191e+00 +4.2201e-01 +4.8113e-01
