% f evaluations | g evaluations | best noise-free fitness - Fopt (1.156800000000e+02) + sum g_i+ | measured fitness | best measured fitness or single-digit g-values | x1 | x2...
1 0 +1.257123852e+02 +2.413923852e+02 +2.413923852e+02 +1.6972e+00 +1.2558e+00
2 0 +2.954228946e+01 +1.452222895e+02 +1.452222895e+02 -1.1103e+00 +3.8496e-02
9 0 +1.757182349e+01 +1.332518235e+02 +1.332518235e+02 -2.9419e+00 -1.3282e+00
15 0 +3.175837048e+00 +1.188558370e+02 +1.188558370e+02 -2.2733e+00 -1.2773e+00
45 0 +2.840152367e+00 +1.185201524e+02 +1.185201524e+02 -2.0855e+00 -6.2494e-01
96 0 +1.138616156e+00 +1.168186162e+02 +1.168186162e+02 -2.1556e+00 -6.2959e-01
97 0 +1.038121290e+00 +1.167181213e+02 +1.167181213e+02 -2.1928e+00 -6.2205e-01
168 0 +9.950792909e-01 +1.166750793e+02 +1.166750793e+02 -2.1776e+00 -6.2219e-01
200 0 +9.950792909e-01 +1.166750793e+02 +1.166750793e+02 -2.1776e+00 -6.2219e-01
