% f evaluations | g evaluations | best noise-free fitness - Fopt (2.731500000000e+02) + sum g_i+ | measured fitness | best measured fitness or single-digit g-values | x1 | x2...
1 0 +2.306592432e+01 +2.962159243e+02 +2.962159243e+02 -1.8049e+00 -1.2473e+00 -1.1840e-01 -3.2094e-01 -1.7695e-01
2 0 +1.131074023e+01 +2.844607402e+02 +2.844607402e+02 -2.1411e+00 +9.9357e-01 -2.7525e+00 +2.2369e+00 -1.1240e+00
5 0 +8.743831117e+00 +2.818938311e+02 +2.818938311e+02 +7.6517e-01 +6.4665e-01 +6.4862e-01 +6.0271e-01 -1.4723e+00
28 0 +5.977474554e+00 +2.791274746e+02 +2.791274746e+02 -8.8366e-01 +2.3406e+00 +2.7060e-01 +3.6935e+00 +1.0472e+00
30 0 +4.311430875e+00 +2.774614309e+02 +2.774614309e+02 -1.4942e+00 +3.0209e+00 +1.5092e+00 +2.5010e+00 +1.1955e+00
71 0 +3.057645333e+00 +2.762076453e+02 +2.762076453e+02 -4.1032e+00 +2.8228e+00 -1.2069e+00 +2.6192e+00 +8.7167e-01
121 0 +2.711564116e+00 +2.758615641e+02 +2.758615641e+02 -2.4887e-01 +4.5006e+00 -1.7525e+00 +1.3497e+00 +2.0693e+00
129 0 +2.137006743e+00 +2.752870067e+02 +2.752870067e+02 -1.9002e+00 +4.1075e+00 +2.4916e-01 +2.5836e+00 +1.3508e+00
139 0 +1.236393338e+00 +2.743863933e+02 +2.743863933e+02 -1.8537e+00 +3.4335e+00 -1.0654e+00 +2.1727e+00 +1.8031e+00
180 0 +1.043621921e+00 +2.741936219e+02 +2.741936219e+02 -2.3921e+00 +3.9659e+00 -8.8618e-01 +2.1686e+00 +2.0883e+00
197 0 +7.709012681e-01 +2.739209013e+02 +2.739209013e+02 -2.2109e+00 +3.5992e+00 -1.9619e-01 +2.2705e+00 +1.8979e+00
233 0 +3.921650423e-01 +2.735421650e+02 +2.735421650e+02 -2.5735e+00 +3.7663e+00 -4.2374e-01 +2.4271e+00 +1.7262e+00
324 0 +2.999972039e-01 +2.734499972e+02 +2.734499972e+02 -3.2113e+00 +3.8224e+00 -4.8860e-01 +2.4825e+00 +1.9088e+00
348 0 +2.408229494e-01 +2.733908229e+02 +2.733908229e+02 -3.5257e+00 +3.7363e+00 -5.7021e-01 +2.5586e+00 +2.0460e+00
379 0 +1.630901639e-01 +2.733130902e+02 +2.733130902e+02 -3.4613e+00 +3.7520e+00 -5.7807e-01 +2.5067e+00 +1.9934e+00
419 0 +9.870970623e-02 +2.732487097e+02 +2.732487097e+02 -3.5184e+00 +3.7674e+00 -5.0662e-01 +2.5264e+00 +1.9816e+00
430 0 +7.859872024e-02 +2.732285987e+02 +2.732285987e+02 -3.5766e+00 +3.7613e+00 -4.6247e-01 +2.5422e+00 +2.0155e+00
446 0 +6.545336366e-02 +2.732154534e+02 +2.732154534e+02 -3.6004e+00 +3.7451e+00 -4.8173e-01 +2.5825e+00 +1.9526e+00
531 0 +6.003510997e-02 +2.732100351e+02 +2.732100351e+02 -3.6686e+00 +3.7498e+00 -4.8051e-01 +2.6000e+00 +2.0344e+00
551 0 +5.101105363e-02 +2.732010111e+02 +2.732010111e+02 -3.6436e+00 +3.7785e+00 -4.8089e-01 +2.5788e+00 +2.0168e+00
577 0 +4.224592104e-02 +2.731922459e+02 +2.731922459e+02 -3.6118e+00 +3.7719e+00 -4.7817e-01 +2.5716e+00 +2.0393e+00
585 0 +3.861219170e-02 +2.731886122e+02 +2.731886122e+02 -3.6081e+00 +3.7639e+00 -4.6321e-01 +2.5768e+00 +2.0089e+00
596 0 +2.916699888e-02 +2.731791670e+02 +2.731791670e+02 -3.6170e+00 +3.7731e+00 -4.8075e-01 +2.5646e+00 +2.0089e+00
619 0 +2.043302388e-02 +2.731704330e+02 +2.731704330e+02 -3.5796e+00 +3.7589e+00 -4.7106e-01 +2.5655e+00 +1.9994e+00
625 0 +1.582874459e-02 +2.731658287e+02 +2.731658287e+02 -3.5863e+00 +3.7592e+00 -4.7296e-01 +2.5710e+00 +2.0000e+00
674 0 +1.250678041e-02 +2.731625068e+02 +2.731625068e+02 -3.5822e+00 +3.7538e+00 -4.6866e-01 +2.5746e+00 +2.0104e+00
692 0 +1.086778948e-02 +2.731608678e+02 +2.731608678e+02 -3.5810e+00 +3.7564e+00 -4.7775e-01 +2.5712e+00 +2.0133e+00
729 0 +9.339143590e-03 +2.731593391e+02 +2.731593391e+02 -3.5824e+00 +3.7529e+00 -4.7566e-01 +2.5697e+00 +2.0075e+00
735 0 +7.309993588e-03 +2.731573100e+02 +2.731573100e+02 -3.5789e+00 +3.7561e+00 -4.7595e-01 +2.5687e+00 +2.0035e+00
742 0 +5.755537189e-03 +2.731557555e+02 +2.731557555e+02 -3.5873e+00 +3.7549e+00 -4.7740e-01 +2.5703e+00 +2.0098e+00
794 0 +2.043873097e-03 +2.731520439e+02 +2.731520439e+02 -3.5803e+00 +3.7540e+00 -4.7827e-01 +2.5685e+00 +2.0086e+00
900 0 +1.758824120e-03 +2.731517588e+02 +2.731517588e+02 -3.5830e+00 +3.7537e+00 -4.7889e-01 +2.5689e+00 +2.0088e+00
924 0 +1.140859018e-03 +2.731511409e+02 +2.731511409e+02 -3.5803e+00 +3.7535e+00 -4.7823e-01 +2.5688e+00 +2.0078e+00
980 0 +8.573975921e-04 +2.731508574e+02 +2.731508574e+02 -3.5803e+00 +3.7538e+00 -4.7859e-01 +2.5688e+00 +2.0082e+00
988 0 +7.880289525e-04 +2.731507880e+02 +2.731507880e+02 -3.5800e+00 +3.7537e+00 -4.7844e-01 +2.5690e+00 +2.0085e+00
997 0 +6.239058776e-04 +2.731506239e+02 +2.731506239e+02 -3.5801e+00 +3.7538e+00 -4.7845e-01 +2.5688e+00 +2.0083e+00
1000 0 +6.239058776e-04 +2.731506239e+02 +2.731506239e+02 -3.5801e+00 +3.7538e+00 -4.7845e-01 +2.5688e+00 +2.0083e+00
