% f evaluations | g evaluations | best noise-free fitness - Fopt (5.157000000000e+01) + sum g_i+ | measured fitness | best measured fitness or single-digit g-values | x1 | x2...
1 0 +5.588604323e+01 +1.074560432e+02 +1.074560432e+02 +9.3123e-01 -8.9345e-01 +1.7023e+00 +4.4850e-01 -2.4740e+00
5 0 +4.677900960e+01 +9.834900960e+01 +9.834900960e+01 -1.7874e+00 +8.6775e-01 -1.0097e+00 +1.3481e+00 +1.8052e+00
18 0 +4.209866638e+01 +9.366866638e+01 +9.366866638e+01 -1.6987e+00 +1.3163e+00 -3.4273e+00 +5.6478e-01 +1.0088e+00
42 0 +3.884169211e+01 +9.041169211e+01 +9.041169211e+01 +1.6493e+00 +1.3475e+00 -2.6214e+00 +3.6850e+00 -2.3814e+00
51 0 +3.238287957e+01 +8.395287957e+01 +8.395287957e+01 +1.7971e+00 +8.2612e-01 -1.7366e+00 +4.4560e+00 -4.9911e+00
52 0 +1.185502073e+01 +6.342502073e+01 +6.342502073e+01 +2.8308e-02 +4.1279e-01 -2.0323e+00 +4.9168e+00 -3.9875e+00
127 0 +1.038169872e+01 +6.195169872e+01 +6.195169872e+01 -3.8641e-01 +3.6509e-01 -1.4440e+00 +3.8971e+00 -3.7971e+00
149 0 +9.890112184e+00 +6.146011218e+01 +6.146011218e+01 +2.4006e-01 -3.6782e-01 -1.8790e+00 +4.4045e+00 -4.2288e+00
200 0 +9.060302268e+00 +6.063030227e+01 +6.063030227e+01 +2.4019e-01 -8.1293e-02 -2.0590e+00 +4.2955e+00 -4.1994e+00
