% f evaluations | g evaluations | best noise-free fitness - Fopt (-1.000000000000e+03) + sum g_i+ | measured fitness | best measured fitness or single-digit g-values | x1 | x2...
1 0 +7.941029216e+01 -9.205897078e+02 -9.205897078e+02 -9.3167e-01 +1.3771e+00 +2.5777e+00 -7.4879e-01 -7.4464e-01
2 0 +7.417180572e+01 -9.258281943e+02 -9.258281943e+02 +7.6633e-01 +2.5809e-01 -2.0555e-01 +5.9237e-01 +1.5963e+00
5 0 +6.831809663e+01 -9.316819034e+02 -9.316819034e+02 +3.6829e-01 -3.8575e+00 -1.1340e+00 -1.8079e+00 -3.3235e-01
10 0 +5.612362985e+01 -9.438763701e+02 -9.438763701e+02 +1.5666e+00 -1.6685e+00 -8.9538e-01 -2.6334e+00 +9.7431e-01
18 0 +2.695754806e+01 -9.730424519e+02 -9.730424519e+02 +2.5564e+00 -1.1061e+00 -1.8330e-01 -2.3540e+00 +3.2682e-01
27 0 +6.793729567e+00 -9.932062704e+02 -9.932062704e+02 +1.8083e+00 +4.0343e-01 +1.2646e+00 -9.7051e-01 -1.4081e+00
41 0 +6.100556456e+00 -9.938994435e+02 -9.938994435e+02 +3.3408e+00 -2.0428e-01 +2.1544e-01 -5.2279e-01 -7.3094e-02
345 0 +5.530867081e+00 -9.944691329e+02 -9.944691329e+02 +4.0259e+00 -3.8499e+00 +7.3043e-01 -3.1758e+00 +2.1572e+00
1000 0 +5.062737464e+00 -9.949372625e+02 -9.949372625e+02 +4.1258e+00 -4.0686e+00 +7.1303e-01 -3.0369e+00 +1.8558e+00
