% f evaluations | g evaluations | best noise-free fitness - Fopt (-6.300000000000e+00) + sum g_i+ | measured fitness | best measured fitness or single-digit g-values | x1 | x2...
1 0 +3.586046998e+02 +3.523046998e+02 +3.523046998e+02 -1.4166e+00 -8.7211e-01 -4.1058e-01 +2.7041e+00 -2.0145e-01
7 0 +3.001466099e+01 +2.371466099e+01 +2.371466099e+01 -6.7510e-01 -3.2840e+00 -1.2338e+00 +2.1875e+00 -6.7208e-01
15 0 +4.580580598e+00 -1.719419402e+00 -1.719419402e+00 -2.0565e+00 -1.6982e+00 -2.4204e+00 +4.7955e-01 -1.4386e+00
45 0 +4.216983627e+00 -2.083016373e+00 -2.083016373e+00 -1.2077e+00 -7.5624e-01 -1.2860e-01 +1.1206e+00 -2.2757e+00
93 0 +3.566878898e+00 -2.733121102e+00 -2.733121102e+00 +1.1089e+00 -1.2201e+00 -3.3288e-01 +2.0219e+00 -1.1871e+00
133 0 +3.528653417e+00 -2.771346583e+00 -2.771346583e+00 +1.1860e+00 +2.4163e-01 -1.2198e+00 +2.2152e+00 -1.5796e+00
140 0 +3.057767259e+00 -3.242232741e+00 -3.242232741e+00 +4.1879e-01 -5.0964e-01 -7.9388e-01 +2.0003e+00 -2.1202e+00
155 0 +2.567181728e+00 -3.732818272e+00 -3.732818272e+00 +2.1716e+00 +6.8069e-01 -1.2966e+00 +1.4245e+00 -1.8667e+00
200 0 +2.567181728e+00 -3.732818272e+00 -3.732818272e+00 +2.1716e+00 +6.8069e-01 -1.2966e+00 +1.4245e+00 -1.8667e+00
