% f evaluations | g evaluations | best noise-free fitness - Fopt (1.000000000000e-02) + sum g_i+ | measured fitness | best measured fitness or single-digit g-values | x1 | x2...
1 0 +1.684313770e+01 +1.685313770e+01 +1.685313770e+01 -1.0192e+00 -4.4210e-01 +1.3225e-01 -9.4382e-02 +1.1229e+00
2 0 +1.550208031e+01 +1.551208031e+01 +1.551208031e+01 +1.9763e+00 +3.4648e-01 +6.9687e-02 +9.1749e-01 +1.4792e+00
8 0 +1.292696739e+01 +1.293696739e+01 +1.293696739e+01 +1.2406e+00 +1.5804e+00 -4.5853e-01 +1.0289e+00 +1.3495e-01
12 0 +1.131503772e+01 +1.132503772e+01 +1.132503772e+01 +1.4863e+00 +1.2797e+00 +1.1630e+00 +9.8378e-01 +4.1632e-01
16 0 +8.701635398e+00 +8.711635398e+00 +8.711635398e+00 +2.7285e+00 +1.7360e+00 -5.1981e-01 -7.1175e-01 -5.3333e-01
28 0 +3.612296647e+00 +3.622296647e+00 +3.622296647e+00 +4.9589e+00 +3.2788e+00 -9.8362e-01 -2.8358e+00 -4.8217e+00
102 0 +2.130610513e+00 +2.140610513e+00 +2.140610513e+00 -3.7439e+00 -3.4012e+00 -2.7808e+00 +3.6174e+00 +4.9984e+00
995 0 +1.833897897e+00 +1.843897897e+00 +1.843897897e+00 -4.3757e+00 +2.9741e+00 -3.0132e+00 +1.1022e+00 -3.1450e+00
1000 0 +1.833897897e+00 +1.843897897e+00 +1.843897897e+00 -4.3757e+00 +2.9741e+00 -3.0132e+00 +1.1022e+00 -3.1450e+00
